name:	heptane
id:	2
theory:	2
quality:	AAD 0.72%
text:	SEQC wide range
a[0]:	 2.313397e-06
a[1]:	-8.287560e-07
a[2]:	 1.384375e-08
A[0]:	-1.807330e-09
A[1]:	-1.558626e-10
A[2]:	 5.813314e-13
b[0]:	 8.335047e-07
b[1]:	 3.193820e-07
b[2]:	-7.110705e-09
B[0]:	-1.951604e-10
B[1]:	 1.360838e-10
B[2]:	-7.595945e-13
D[0]:	 0.00000e+00
D[1]:	 0.00000e+00
D[2]:	 0.00000e+00
c[0]:	 9.938708e-07
c[1]:	-8.732703e-08
c[2]:	 0.000000e+00
C[0]:	 3.427334e-07
C[1]:	-1.553032e-07
C[2]:	 5.841888e-09
