name:	hexane
id:	2
theory:	2
quality:	AAD 1.30%
text:	SEQC wide range
a[0]:	-1.031354087e-06
a[1]:	 2.398908303e-07
a[2]:	 2.495233401e-08
A[0]:	 1.260946188e-10
A[1]:	 2.105499310e-11
A[2]:	 1.797420429e-12
b[0]:	 1.214319285e-06
b[1]:	-8.925972333e-07
b[2]:	 3.930641635e-10
B[0]:	 2.057029646e-09
B[1]:	 4.489215504e-11
B[2]:	-2.334505819e-12
D[0]:	 0.00000e+00
D[1]:	 0.00000e+00
D[2]:	 0.00000e+00
c[0]:	 1.024197649e-06
c[1]:	-3.121530400e-08
c[2]:	 0.000000000e+00
C[0]:	-2.773620928e-07
C[1]:	 1.530910495e-07
C[2]:	 5.847913251e-09
