name:	hexane
id:	1
theory:	2
quality:	AAD 1.30%
text:	SEQC publication
a[0]:	-6.63501e-07
a[1]:	-2.14252e-07
a[2]:	 0.00000e+00
A[0]:	 1.45984e-10
A[1]:	-8.15150e-11
A[2]:	 0.00000e+00
b[0]:	 1.64280e-06
b[1]:	-1.34908e-06
b[2]:	 0.00000e+00
B[0]:	 2.59524e-09
B[1]:	 1.69362e-10
B[2]:	 0.00000e+00
D[0]:	 0.00000e+00
D[1]:	 0.00000e+00
D[2]:	 0.00000e+00
c[0]:	 7.25571e-07
c[1]:	-3.12153e-08
c[2]:	 0.00000e+00
C[0]:	-2.29226e-07
C[1]:	 1.18011e-07
C[2]:	 0.00000e+00
