name:	methane
id:	1
theory:	2
quality:	AAD 0.83%
text:	SEQC publication
a[0]:	-3.12118e-07
a[1]:	 1.99422e-09
a[2]:	 0.00000e+00
A[0]:	-8.52992e-11
A[1]:	-3.58009e-11
A[2]:	 0.00000e+00
b[0]:	 5.98858e-07
b[1]:	-4.91143e-07
b[2]:	 0.00000e+00
B[0]:	 1.60099e-09
B[1]:	 8.50221e-11
B[2]:	 0.00000e+00
D[0]:	 0.00000e+00
D[1]:	 0.00000e+00
D[2]:	 0.00000e+00
c[0]:	 3.49668e-07
c[1]:	-1.73176e-07
c[2]:	 0.00000e+00
C[0]:	-3.55631e-08
C[1]:	 2.80326e-08
C[2]:	 0.00000e+00
