name:	methane
id:	1
theory:	2
quality:	abs RMS dev. 9.51e-05
text:	fixed: B. Wittich
a[0]:	2.375628347e-08
a[1]:	3.050866042e-07
a[2]:	1.064918913e-08
A[0]:	2.208828046e-10
A[1]:	-6.778544480e-11
A[2]:	1.935025384e-11
b[0]:	4.037507870e-07
b[1]:	1.902227735e-08
b[2]:	5.069770997e-08
B[0]:	-4.833193884e-10
B[1]:	1.281371570e-11
B[2]:	-1.038328561e-11
D[0]:	 0.00000e+00
D[1]:	 0.00000e+00
D[2]:	 0.00000e+00
c[0]:	5.425103795e-07
c[1]:	-6.422933602e-07
c[2]:	5.493484492e-07
C[0]:	-7.985339765e-09
C[1]:	3.551591011e-08
C[2]:	-9.474069960e-09
