name:	octane
id:	1
theory:	2
quality:	AAD 0.92%
text:	SEQC publication
a[0]:	 8.68736e-07
a[1]:	 0.00000e+00
a[2]:	-2.69591e-07
A[0]:	-2.40884e-10
A[1]:	 5.20715e-12
A[2]:	 0.00000e+00
b[0]:	 1.46267e-06
b[1]:	 0.00000e+00
b[2]:	-5.44584e-07
B[0]:	 0.00000e+00
B[1]:	 6.62141e-10
B[2]:	 1.60012e-10
D[0]:	 0.00000e+00
D[1]:	 0.00000e+00
D[2]:	 0.00000e+00
c[0]:	 1.28673e-06
c[1]:	-1.76442e-07
c[2]:	 0.00000e+00
C[0]:	-9.50545e-08
C[1]:	 1.03767e-07
C[2]:	 0.00000e+00
