name:	pentane
id:	1
theory:	2
quality:	AAD 0.65%
text:	SEQC publication
a[0]:	 1.08193e-07
a[1]:	-4.70699e-07
a[2]:	 0.00000e+00
A[0]:	-2.10025e-11
A[1]:	-1.56583e-10
A[2]:	 0.00000e+00
b[0]:	 1.21502e-06
b[1]:	-9.84766e-07
b[2]:	 0.00000e+00
B[0]:	 1.98521e-09
B[1]:	 2.05972e-10
B[2]:	 0.00000e+00
D[0]:	 0.00000e+00
D[1]:	 0.00000e+00
D[2]:	 0.00000e+00
c[0]:	-5.08307e-07
c[1]:	-1.07000e-07
c[2]:	 0.00000e+00
C[0]:	-1.18487e-08
C[1]:	 1.69571e-08
C[2]:	 0.00000e+00
