name:	R134a
id:	1
theory:	2
quality:	AAD 1.81%
text:	SEQC publication
a[0]:	 1.07271e-06
a[1]:	-4.41655e-07
a[2]:	 0.00000e+00
A[0]:	-2.12476e-09
A[1]:	 2.81647e-10
A[2]:	 0.00000e+00
b[0]:	 1.66457e-06
b[1]:	-4.80293e-07
b[2]:	 0.00000e+00
B[0]:	 1.35594e-09
B[1]:	 0.00000e+00
B[2]:	 3.17550e-11
D[0]:	 0.00000e+00
D[1]:	 0.00000e+00
D[2]:	 0.00000e+00
c[0]:	 8.08333e-07
c[1]:	-4.90360e-07
c[2]:	 0.00000e+00
C[0]:	 0.00000e+00
C[1]:	 4.81769e-08
C[2]:	-1.17149e-08
