name:	hexane
id:	1
text:	crit
pc:	 3.03400000e+00
Tc:	 5.07820000e+02
vc:	 4.37864786e+02
M:      8.61770000e+01 g/mol
Ts:     5.38263693e+02 K
vs:     3.43683980e+01 cm3/mol
mLJ:    1.20000000e+01
nLJ:    6.00000000e+00
alpha:  5.16988009e-01
