name1:	benzene
id1:	13
name2:	cyclohexane
id2:	13
id:	3
text:	3pure params fit, JPCB112 London CR 
par[1]:	  2.91146273e+02
par[2]:	  1.88012350e+01
