name1:	carbon_dioxide
id1:	13
name2:	dimethyl_ketone
id2:	13
id:	3
text:	3pure params fit, JPCB112 London CR 
par[1]:	  1.95144434e+02
par[2]:	  1.10211260e+01
