name1:	carbon_dioxide
id1:	13
name2:	propane
id2:	13
id:	3
text:	3pure params fit, JPCB112 London CR 
par[1]:	  1.80942593e+02
par[2]:	  1.22759326e+01
