name1:	n-hexane
id1:	13
name2:	n-octane
id2:	13
id:	3
text:	3pure params fit, JPCB112 London CR 
par[1]:	  2.37372838e+02
par[2]:	  1.73548100e+01
