name:	octane
id:	2
theory:	2
quality:	AAD 0.92%
text:	SEQC wide range
a[0]:	 2.024056e-06
a[1]:	-3.649266e-07
a[2]:	 6.461643e-08
A[0]:	-2.082818e-09
A[1]:	-8.549417e-11
A[2]:	 4.319156e-12
b[0]:	 3.920075e-07
b[1]:	 9.897942e-07
b[2]:	-1.669365e-08
B[0]:	-1.102954e-09
B[1]:	 4.056871e-11
B[2]:	-4.498351e-12
D[0]:	 0.00000e+00
D[1]:	 0.00000e+00
D[2]:	 0.00000e+00
c[0]:	 1.286734e-06
c[1]:	-1.764420e-07
c[2]:	 0.000000e+00
C[0]:	 3.165398e-07
C[1]:	-1.477255e-07
C[2]:	 2.503771e-08
