name:	propane
id:	1
theory:	2
quality:	AAD 1.18%
text:	SEQC publication
a[0]:	-9.34268e-08
a[1]:	-4.93309e-07
a[2]:	 0.00000e+00
A[0]:	-8.49309e-10
A[1]:	-4.91415e-11
A[2]:	 0.00000e+00
b[0]:	 9.60710e-07
b[1]:	-8.18031e-07
b[2]:	 0.00000e+00
B[0]:	 2.08795e-09
B[1]:	 9.21785e-11
B[2]:	 0.00000e+00
D[0]:	 0.00000e+00
D[1]:	 0.00000e+00
D[2]:	 0.00000e+00
c[0]:	 7.68800e-07
c[1]:	-4.18871e-07
c[2]:	 0.00000e+00
C[0]:	-4.05944e-08
C[1]:	 1.31731e-08
C[2]:	 0.00000e+00
