name:	argon
id:	3
text:	far away from crit.
pc:	 5.77207284e+00
Tc:	 1.57496900e+02
vc:	 7.30083453e+01
par[0]:	 3.99480000e+01
par[1]:	 1.18232000e+02
par[2]:	 2.36271000e+01
