name:	argon
id:	1
text:	crit
pc:	 4.89790000e+00
Tc:	 1.50860000e+02
vc:	 8.24131449e+01
par[0]:	 3.99480000e+01
par[1]:	 1.13249718e+02
par[2]:	 2.66706992e+01
