name1:	carbon_dioxide
id1:	1
name2:	squalane
id2:	1
id:	1
text:	crit, 320 K
par[1]:	5.2658750e+02
par[2]:	1.9655353e+02
par[3]:	2.3944097e+00
