name1:	carbon_dioxide
id1:	1
name2:	hexadecane
id2:	3
id:	6
text:	VLE 313 K/Rathke
par[1]:	4.0893619e+02
par[2]:	6.7142677e+01
par[3]:	2.0418309e+00
