name1:	methane
id1:	1
name2:	tetracosane
id2:	2
id:	1
text:	VLE 350 K
par[1]:	3.8475146e+02
par[2]:	1.4322745e+02
par[3]:	2.3285089e+00
