name:	butane
id:	1
text:	crit
pc:	3.786707
Tc:	424.947251
vc:	323.457964
par[0]:	5.8120000e+01
par[1]:	5.4461010e+02
par[2]:	3.9732159e+01
par[3]:	2.0327065e+00 
