name:	decane
id:	1
text:	crit, VLE 416 K
pc:	 2.10300000e+00
Tc:	 6.17700000e+02
vc:	 8.46047044e+02
M:   1.42285000e+02 g/mol
Ts:  8.35703919e+02 K
vs:  1.01028443e+02 cm3/mol
c:   2.19396960e+00
