name:	krypton
id:	2
text:	VLE 163 K, crit.
pc:	 5.81555516e+00
Tc:	 2.12461925e+02
vc:	 1.05712480e+02
M:   8.38000000e+01 g/mol
Ts:  1.69489423e+02 K
vs:  1.66157953e+01 cm3/mol
c:   1.00000000e+00
