name:	methane
id:	1
text:	crit
pc:	4.595001
Tc:	190.555000
vc:	119.996285
par[0]:	-1.6043000e+01
par[1]:	1.5201339e+02
par[2]:	1.8860911e+01
par[3]:	1.0000000e+00 
