name:	hexanol
id:	2
text:	VLE 320 K
pc:	4.162457
Tc:	615.183661
vc:	439.880759
par[0]:	1.0217600e+02
par[1]:	8.0161961e+02
par[2]:	5.3852109e+01
par[3]:	1.2000000e+01
par[4]:	6.0000000e+00
par[5]:	-2.6683393e+04
par[6]:	-5.2700000e+01
par[7]:	1.4909203e+01
