name1:	butane
id1:	1
name2:	decane
id2:	1
id:	1
text:	1
par[1]:	  4.85053692e+02
par[2]:	  4.39460950e+02
par[3]:	  1.00000000e+00
