name1:	carbon_dioxide
id1:	1
name2:	R32
id2:	1
id:	1
text:	1
par[1]:	  3.27718225e+02
par[2]:	  1.07834950e+02
par[3]:	  1.00000000e+00
