name1:	carbon_dioxide
id1:	1
name2:	butane
id2:	1
id:	1
text:	1
par[1]:	  3.07106864e+02
par[2]:	  1.74520400e+02
par[3]:	  1.00000000e+00
