name1:	hexane
id1:	1
name2:	benzene
id2:	1
id:	1
text:	1
par[1]:	  5.32888020e+02
par[2]:	  3.12000000e+02
par[3]:	  1.00000000e+00
