name1:	hydrogen
id1:	1
name2:	decane
id2:	1
id:	1
text:	1
par[1]:	  2.52673447e+02
par[2]:	  3.44500000e+02
par[3]:	  1.00000000e+00
