name1:	methanol
id1:	1
name2:	water
id2:	1
id:	1
text:	VLE    90  K     
par[1]:	  5.79542069e+02
par[2]:	  8.69750000e+01
par[3]:	  1.00000000e+00
