name1:	methylbutane
id1:	1
name2:	pentane
id2:	1
id:	1
text:	fixed (Xiang)
par[1]:	  4.59312911e+02
par[2]:	  3.09650000e+02
par[3]:	  1.00000000e+00
