name1:	methane
id1:	1
name2:	pentane
id2:	1
id:	1
text:	VLE    90  K     
par[1]:	  2.72937220e+02
par[2]:	  2.04815000e+02
par[3]:	  1.00000000e+00
