name1:	methane
id1:	1
name2:	xenon
id2:	1
id:	1
text:	1
par[1]:	  2.32511960e+02
par[2]:	  1.08315000e+02
par[3]:	  1.00000000e+00
