name1:	nitrogen
id1:	1
name2:	heptane
id2:	1
id:	1
text:	1
par[1]:	  2.53617480e+02
par[2]:	  2.59050000e+02
par[3]:	  1.00000000e+00
