name1:	oxygen
id1:	1
name2:	krypton
id2:	1
id:	1
text:	1
par[1]:	  1.76984346e+02
par[2]:	  8.22850000e+01
par[3]:	  1.00000000e+00
