name1:	propane
id1:	1
name2:	hexane
id2:	1
id:	1
text:	1
par[1]:	  4.28389434e+02
par[2]:	  2.84002270e+02
par[3]:	  1.00000000e+00
