name1:	R125
id1:	1
name2:	R236ea
id2:	1
id:	1
text:	1
par[1]:	  3.71796098e+02
par[2]:	  2.40653000e+02
par[3]:	  1.00000000e+00
