name1:	ethane
id1:	1
name2:	hydrogen_sulfide
id2:	1
id:	1
text:	VLE 283.15 K
Ts:   2.22177140e+02 K
vs:   3.37411587e+01 cm3/mol
