name1:	nitrogen
id1:	1
name2:	ethane
id2:	1
id:	1
text:	VLE 230 K
par[1]:	  1.33532650e+02
par[2]:	  3.25217885e+01
