name:	argon
id:	1
text:	crit, w/o qcorr
pc:	 4.89790001e+00
Tc:	 1.50860000e+02
vc:	 8.89858525e+01
par[0]:	-3.99480000e+01
par[1]:	 1.10677955e+02
par[2]:	 1.55501798e+01
par[3]:	 1.00000000e+00
