name:	carbon_monoxide
id:	1
text:	crit, c=1, NIST
pc:	 3.49875005e+00
Tc:	 1.34450000e+02
vc:	 1.11005429e+02
M:   2.80101000e+01 g/mol
Ts:  1.05318072e+02 K
vs:  1.79484379e+01 cm3/mol
c:   1.00000000e+00
