name:	methane
id:	2
text:	crit +qcorr, WCA
pc:	 4.59920002e+00
Tc:	 1.90564000e+02
vc:	 1.19683108e+02
par[0]:	 1.60428000e+01
par[1]:	 1.50273627e+02
par[2]:	 1.92007939e+01
par[3]:	 1.00000000e+00
