name:	ammonia
id:	1
text:	fixed (Xiang)
pc:	 1.21274637e+01
Tc:	 4.08158368e+02
vc:	 6.84271977e+01
par[0]:	 1.70430000e+01
par[1]:	 4.05400000e+02
par[2]:	 7.25234000e+01
par[3]:	 2.56000000e-01
par[4]:	 2.13100000e-03
