name:	benzene
id:	1
text:	fixed (Xiang)
pc:	 4.98041519e+00
Tc:	 5.62359711e+02
vc:	 2.48521001e+02
par[0]:	 7.81140000e+01
par[1]:	 5.62050000e+02
par[2]:	 2.56000000e+02
par[3]:	 2.12000000e-01
par[4]:	 4.77000000e-04
