name:	carbon_monoxide
id:	1
text:	fixed (Xiang)
pc:	 3.36860901e+00
Tc:	 1.32925301e+02
vc:	 9.15614750e+01
par[0]:	 2.80100000e+01
par[1]:	 1.32850000e+02
par[2]:	 9.31000000e+01
par[3]:	 6.60000000e-02
par[4]:	 2.00000000e-05
