name:	decane
id:	1
text:	decane; 1
pc:	 2.11005412e+00
Tc:	 6.18734047e+02
vc:	 6.14091692e+02
par[0]:	 1.42285000e+02
par[1]:	 6.17700000e+02
par[2]:	 6.09000000e+02
par[3]:	 4.89000000e-01
par[4]:	 1.65086000e-03
