name:	hydrogen_sulfide
id:	1
text:	fixed (Xiang)
pc:	 8.96232484e+00
Tc:	 3.73589365e+02
vc:	 9.63843346e+01
par[0]:	 3.40820000e+01
par[1]:	 3.73400000e+02
par[2]:	 9.80000000e+01
par[3]:	 8.10000000e-02
par[4]:	 5.00000000e-05
