name:	hydrogen
id:	1
text:	fixed (Xiang)
pc:	 1.25967928e+00
Tc:	 3.33850245e+01
vc:	 6.35200098e+01
par[0]:	 2.01600000e+00
par[1]:	 3.32500000e+01
par[2]:	 6.50000000e+01
par[3]:	-2.20000000e-01
par[4]:	 2.23000000e-04
