name:	isooctane
id:	1
text:	fixed (Xiang)
pc:	 2.57220235e+00
Tc:	 5.43719190e+02
vc:	 4.62160813e+02
par[0]:	 1.14231000e+02
par[1]:	 5.43900000e+02
par[2]:	 4.69700000e+02
par[3]:	 3.03000000e-01
par[4]:	 5.32000000e-04
