name:	krypton
id:	1
text:	fixed (Xiang)
pc:	 5.48524643e+00
Tc:	 2.09702931e+02
vc:	 8.95072004e+01
par[0]:	 8.38000000e+01
par[1]:	 2.09460000e+02
par[2]:	 9.12000000e+01
par[3]:	 5.00000000e-03
par[4]:	 6.00000000e-06
