name:	neon
id:	1
text:	fixed (Xiang)
pc:	 2.52596936e+00
Tc:	 4.45393395e+01
vc:	 4.06536611e+01
par[0]:	 2.01800000e+01
par[1]:	 4.44000000e+01
par[2]:	 4.17000000e+01
par[3]:	-2.90000000e-02
par[4]:	 4.84000000e-04
