name:	nonane
id:	1
text:	fixed (Xiang)
pc:	 2.27662185e+00
Tc:	 5.94594644e+02
vc:	 5.49974954e+02
par[0]:	 1.28258000e+02
par[1]:	 5.94600000e+02
par[2]:	 5.55000000e+02
par[3]:	 4.45000000e-01
par[4]:	 1.08400000e-03
