name:	oxygen
id:	1
text:	fixed (Xiang)
pc:	 5.01375844e+00
Tc:	 1.54726453e+02
vc:	 7.20546335e+01
par[0]:	 3.19990000e+01
par[1]:	 1.54580000e+02
par[2]:	 7.33700000e+01
par[3]:	 2.50000000e-02
par[4]:	 4.50000000e-06
