name:	propene
id:	1
text:	fixed (Xiang)
pc:	 4.58654471e+00
Tc:	 3.64898026e+02
vc:	 1.82306767e+02
par[0]:	 4.20810000e+01
par[1]:	 3.64900000e+02
par[2]:	 1.84600000e+02
par[3]:	 1.44000000e-01
par[4]:	 1.02000000e-04
