name:	R123
id:	1
text:	fixed (Xiang)
pc:	 3.65971680e+00
Tc:	 4.56631829e+02
vc:	 2.72886989e+02
par[0]:	 1.52931000e+02
par[1]:	 4.56830000e+02
par[2]:	 2.79071000e+02
par[3]:	 2.83000000e-01
par[4]:	 4.38600000e-04
