name:	R236ea
id:	1
text:	fixed (Xiang)
pc:	 3.35159888e+00
Tc:	 4.11380046e+02
vc:	 2.62083874e+02
par[0]:	 1.52050000e+02
par[1]:	 4.12440000e+02
par[2]:	 2.70000000e+02
par[3]:	 3.79400000e-01
par[4]:	 2.03600000e-04
