name:	R23
id:	1
text:	fixed (Xiang)
pc:	 4.99470999e+00
Tc:	 2.99525742e+02
vc:	 1.25130595e+02
par[0]:	 7.00140000e+01
par[1]:	 2.98970000e+02
par[2]:	 1.33000000e+02
par[3]:	 2.63400000e-01
par[4]:	 9.61000000e-04
