name:	krypton
id:	1
text:	crit.
pc:	 5.52000000e+00
Tc:	 2.09500000e+02
vc:	 8.03222584e+01
M:   8.38000000e+01 g/mol
Ts:  2.19268691e+02 K
vs:  3.06936958e+01 cm3/mol
