name:	methane
id:	1
text:	crit
pc:	4.595000
Tc:	190.555000
vc:	87.766298
par[0]:	1.6043000e+01
par[1]:	1.9944031e+02
par[2]:	3.3538301e+01 
