name:	1-phenylpropane
id:	1
text:	crit, VLE
pc:	 3.16600000e+00
Tc:	 6.38280000e+02
vc:	 5.15276334e+02
M:    1.20000000e+02 g/mol
Ts:   4.68925163e+02 K
vs:   1.30404376e+02 cm3/mol
omg:  3.44000000e-01
