name:	benzene
id:	1
text:	crit
pc:	 4.91906000e+00
Tc:	 5.62533800e+02
vc:	 2.92285243e+02
par[0]:	 7.81140000e+01
par[1]:	 4.13276703e+02
par[2]:	 7.39705517e+01
par[3]:	 2.07690000e-01
