name:	decane
id:	1
text:	crit
pc:	 2.10300000e+00
Tc:	 6.17700000e+02
vc:	 7.50724693e+02
par[0]:	 1.42285000e+02
par[1]:	 4.53805655e+02
par[2]:	 1.89990843e+02
par[3]:	 4.88400000e-01
