name:	dinitrogen_oxide
id:	1
text:	crit
pc:	 7.23800000e+00
Tc:	 3.09560000e+02
vc:	 1.09311699e+02
par[0]:	 4.40129000e+01
par[1]:	 2.27424443e+02
par[2]:	 2.76642318e+01
par[3]:	 1.94327803e-01
