name:	ethanenitrile
id:	1
text:	crit, VLE (NIST)
pc:	 4.87000000e+00
Tc:	 5.45000000e+02
vc:	 2.86027591e+02
M:    4.10519000e+01 g/mol
Ts:   4.00395146e+02 K
vs:   7.23868864e+01 cm3/mol
omg:  3.34138735e-01
