name:	heptane
id:	1
text:	crit, omega
pc:	 2.74000000e+00
Tc:	 5.40000000e+02
vc:	 5.03713493e+02
M:    1.00201900e+02 g/mol
Ts:   3.96721797e+02 K
vs:   1.27478091e+02 cm3/mol
omg:  3.49470000e-01
