name:	hexadecane
id:	1
text:	Reid, Sherwood & Prausnitz 1977
pc:	 1.40100000e+00
Tc:	 7.20600000e+02
vc:	 1.31460872e+03
M:    2.26450000e+02 g/mol
Ts:   5.29403197e+02 K
vs:   3.32696688e+02 cm3/mol
omg:  7.47100000e-01
