name:	krypton
id:	2
text:	VLE 120-163 K
pc:	5.131863
Tc:	207.924611
vc:	103.554271
par[0]:	8.3800000e+01
par[1]:	1.5275597e+02
par[2]:	2.6207161e+01
par[3]:	0.0000000e+00 
