name:	limonene
id:	1
text:	crit
pc:	2.750000
Tc:	660.000000
vc:	613.413901
par[0]:	1.3624000e+02
par[1]:	4.8488220e+02
par[2]:	1.5524070e+02
par[3]:	3.1300000e-01 
