name:	methane
id:	2
text:	crit (Xiang)
pc:	 4.60848399e+00
Tc:	 1.90778487e+02
vc:	 1.05806343e+02
par[0]:	 1.60430000e+01
par[1]:	 1.40159230e+02
par[2]:	 2.67771081e+01
par[3]:	 1.10000000e-02
