name:	pentane
id:	2
text:	crit, VLE 330 K
pc:	 3.35711852e+00
Tc:	 4.69575651e+02
vc:	 3.57502664e+02
M:    7.21500000e+01 g/mol
Ts:   3.44983140e+02 K
vs:   9.04755538e+01 cm3/mol
omg:  2.48129701e-01
