name:	propane
id:	1
text:	crit
pc:	 4.24800000e+00
Tc:	 3.69825000e+02
vc:	 2.22511338e+02
par[0]:	 4.40970000e+01
par[1]:	 2.71699330e+02
par[2]:	 5.63124099e+01
par[3]:	 1.53080000e-01
