name:	tetracosane
id:	2
text:	VLE 400-500 K
pc:	 7.95900000e-01
Tc:	 8.06310000e+02
vc:	 3.02652775e+03
M:   3.38663000e+02 g/mol
Ts:  1.19521096e+03 K
vs:  1.16120665e+02 cm3/mol
s:  1.96915877e+00
