name:	1,2-butylene_oxide
id:	13
text:	CoM (gemittelt), exp. Daubert Danner; 3 parameters fitted
pc:	 5.32631681e+00
Tc:	 5.42637564e+02
vc:	 2.62127303e+02
par[0]:	 7.21070000e+01
par[1]:	 2.79278000e+02
par[2]:	 1.69785000e+01
par[3]:	 2.18618000e+00
par[4]:	 5.87469000e+00
par[5]:	 1.95639000e+00
par[6]:	 7.79300000e+00
