name:	1,2-propylene_oxide
id:	11
text:	PC-SAFT2006 mit 1-Parameter Fit
pc:	 5.98584492e+00
Tc:	 5.02958801e+02
vc:	 2.14926157e+02
par[0]:	 5.80800000e+01
par[1]:	 2.63500500e+02
par[2]:	 1.47760380e+01
par[3]:	 2.04704300e+00
par[4]:	 4.83920000e+00
par[5]:	 1.99530000e+00
par[6]:	 6.02310000e+00
