name:	1,3-butadiene
id:	11
text:	PC-SAFT2006 mit 1-Parameter Fit
pc:	 4.90324052e+00
Tc:	 4.27717027e+02
vc:	 2.23977341e+02
par[0]:	 5.40920000e+01
par[1]:	 2.22050600e+02
par[2]:	 1.53612520e+01
par[3]:	 2.11405200e+00
par[4]:	 5.91990000e+00
par[5]:	 0.00000000e+00
par[6]:	 8.08000000e+00
