name:	1,3-propylene_oxide
id:	13
text:	CoM, exp. Daubert & Danner; 3 parameters fitted
pc:	 6.91042731e+00
Tc:	 5.34307350e+02
vc:	 1.97668712e+02
par[0]:	 5.80800000e+01
par[1]:	 2.85383000e+02
par[2]:	 1.41631000e+01
par[3]:	 1.95969000e+00
par[4]:	 4.51430000e+00
par[5]:	 2.03120000e+00
par[6]:	 5.91130000e+00
