name:	1,4-cyclohexadiene
id:	13
text:	CoM (exp. Data: Daubert & Danner); 3 parameters fitted
pc:	 5.32546741e+00
Tc:	 5.69598932e+02
vc:	 2.75204471e+02
par[0]:	 8.01300000e+01
par[1]:	 2.65235000e+02
par[2]:	 1.35636000e+01
par[3]:	 2.86554000e+00
par[4]:	 5.02280000e+00
par[5]:	 4.12000000e-04
par[6]:	 1.00825000e+01
