name:	1,4-dioxane
id:	13
text:	data of Daubert & Danner; 3 parameters fitted
pc:	 5.53500490e+00
Tc:	 5.92099471e+02
vc:	 2.64639926e+02
par[0]:	 8.81060000e+01
par[1]:	 3.03360000e+02
par[2]:	 2.08484000e+01
par[3]:	 1.90599000e+00
par[4]:	 1.11080000e+01
par[5]:	 2.80000000e-04
par[6]:	 8.35860000e+00
