name:	1-hexene
id:	10
text:	exp. data Daubert and Danner all parameters predicted
pc:	 3.85913844e+00
Tc:	 5.16733134e+02
vc:	 3.44344486e+02
par[0]:	 8.41610000e+01
par[1]:	 2.38054035e+02
par[2]:	 1.62435280e+01
par[3]:	 2.97838000e+00
par[4]:	 3.35750000e+00
par[5]:	 4.09600000e-01
par[6]:	 1.14315000e+01
