name:	2-methyl-1,3-butadiene
id:	10
text:	CoM; VLE Daubert Danner all parameters predicted
pc:	 4.66070174e+00
Tc:	 5.00755529e+02
vc:	 2.77208683e+02
par[0]:	 6.81180000e+01
par[1]:	 2.50137251e+02
par[2]:	 1.62080270e+01
par[3]:	 2.43486100e+00
par[4]:	 5.29740000e+00
par[5]:	 2.57840000e-01
par[6]:	 9.75270000e+00
