name:	butanone
id:	11
text:	PC-SAFT2006 mit 1-Parameter Fit
pc:	 5.30600963e+00
Tc:	 5.60092067e+02
vc:	 2.65700894e+02
par[0]:	 7.21070000e+01
par[1]:	 2.66711900e+02
par[2]:	 1.50169700e+01
par[3]:	 2.43824900e+00
par[4]:	 5.39883000e+00
par[5]:	 2.80999000e+00
par[6]:	 7.91230000e+00
