name:	butanone
id:	10
text:	CoM,(gemittelt) exp. data Daubert and Danner all parameters predicted
pc:	 4.98600440e+00
Tc:	 5.29631819e+02
vc:	 2.66296398e+02
par[0]:	 7.21070000e+01
par[1]:	 2.50732504e+02
par[2]:	 1.50169700e+01
par[3]:	 2.43824900e+00
par[4]:	 5.39883000e+00
par[5]:	 2.80999000e+00
par[6]:	 7.91230000e+00
