name:	carbon_dioxide
id:	13
text:	CoM, VLE (NIST/Span); 3 parameters fitted
pc:	 7.47305058e+00
Tc:	 3.04383435e+02
vc:	 9.90680397e+01
par[0]:	 4.41100000e+01
par[1]:	 1.62027000e+02
par[2]:	 9.85237000e+00
par[3]:	 1.55954000e+00
par[4]:	 4.31910000e+00
par[5]:	 0.00000000e+00
par[6]:	 2.55820000e+00
