name:	carbon_monoxide
id:	10
text:	CoM, VLE Daubert und Danner; all parameters predicted
pc:	 6.78614814e+00
Tc:	 2.34307089e+02
vc:	 9.13558391e+01
par[0]:	 2.80100000e+01
par[1]:	 1.73870316e+02
par[2]:	 1.29768950e+01
par[3]:	 1.04484700e+00
par[4]:	 2.11800000e+00
par[5]:	 3.00100000e-01
par[6]:	 1.92340000e+00
