name:	cis-2-butene
id:	11
text:	PC-SAFT2006 mit 1-Parameter Fit
pc:	 4.58994519e+00
Tc:	 4.42621757e+02
vc:	 2.49280984e+02
par[0]:	 5.61070000e+01
par[1]:	 2.28093600e+02
par[2]:	 1.51823050e+01
par[3]:	 2.32552500e+00
par[4]:	 2.57910000e+00
par[5]:	 2.50600000e-01
par[6]:	 7.67070000e+00
