name:	cyclohexanone
id:	13
text:	CoM (exp. Daubert & Danner); 3 parameters fitted
pc:	 4.96685353e+00
Tc:	 6.77415116e+02
vc:	 3.44695292e+02
par[0]:	 9.81450000e+01
par[1]:	 3.34469000e+02
par[2]:	 2.21577000e+01
par[3]:	 2.19318000e+00
par[4]:	 1.00570000e+01
par[5]:	 3.21640000e+00
par[6]:	 1.06803000e+01
