name:	cyclopentane
id:	10
text:	CoM; exp. data Daubert and Danner all parameters predicted
pc:	 4.45085317e+00
Tc:	 5.09141249e+02
vc:	 2.95382141e+02
par[0]:	 7.01340000e+01
par[1]:	 2.56477652e+02
par[2]:	 1.70773770e+01
par[3]:	 2.44613600e+00
par[4]:	 1.98740000e+00
par[5]:	 1.63100000e-03
par[6]:	 8.73370000e+00
