name:	cyclohexanone
id:	11
text:	PC-SAFT2006 mit 1-Parameter Fit
pc:	 5.05286730e+00
Tc:	 6.68800793e+02
vc:	 3.33482949e+02
par[0]:	 9.81450000e+01
par[1]:	 3.07650000e+02
par[2]:	 1.84623380e+01
par[3]:	 2.53214100e+00
par[4]:	 1.00570000e+01
par[5]:	 3.21640000e+00
par[6]:	 1.06803000e+01
