name:	cyclohexane
id:	11
text:	PC-SAFT2006 mit 1-Parameter Fit
pc:	 4.16341154e+00
Tc:	 5.53992650e+02
vc:	 3.43024295e+02
par[0]:	 8.41610000e+01
par[1]:	 2.69214100e+02
par[2]:	 1.82950900e+01
par[3]:	 2.64606200e+00
par[4]:	 7.28560000e-01
par[5]:	 0.00000000e+00
par[6]:	 1.04848000e+01
