name:	divinyl_ether
id:	13
text:	CoM, data of Daubert & Danner; 3 parameters fitted
pc:	 4.51375464e+00
Tc:	 4.70141696e+02
vc:	 2.67478725e+02
par[0]:	 7.00910000e+01
par[1]:	 2.25937000e+02
par[2]:	 1.51303000e+01
par[3]:	 2.52989000e+00
par[4]:	 6.54980000e+00
par[5]:	 1.20490000e+00
par[6]:	 8.91210000e+00
