name:	acetic_acid_ethylester
id:	13
text:	data of Daubert & Danner; 3 parameters fitted
pc:	 4.49674876e+00
Tc:	 5.36751340e+02
vc:	 2.98633552e+02
par[0]:	 8.81060000e+01
par[1]:	 2.51261000e+02
par[2]:	 1.85289000e+01
par[3]:	 2.34587000e+00
par[4]:	 1.04554000e+01
par[5]:	 1.93170000e+00
par[6]:	 8.65650000e+00
