name:	furan
id:	10
text:	CoM, data of Daubert & Danner all parameters predicted
pc:	 5.59428911e+00
Tc:	 4.86063649e+02
vc:	 2.23024300e+02
par[0]:	 6.80750000e+01
par[1]:	 2.64486933e+02
par[2]:	 1.72428400e+01
par[3]:	 1.88702300e+00
par[4]:	 6.82120000e+00
par[5]:	 6.34300000e-01
par[6]:	 7.12350000e+00
