name:	furan
id:	13
text:	CoM, data of Daubert & Danner; 3 parameters fitted
pc:	 6.03956840e+00
Tc:	 4.95197510e+02
vc:	 2.09559566e+02
par[0]:	 6.80750000e+01
par[1]:	 2.65514000e+02
par[2]:	 1.60499000e+01
par[3]:	 1.91259000e+00
par[4]:	 6.82120000e+00
par[5]:	 6.34300000e-01
par[6]:	 7.12350000e+00
