name:	furan
id:	11
text:	PC-SAFT2006 mit 1-Parameter Fit
pc:	 5.70391237e+00
Tc:	 4.95673948e+02
vc:	 2.23217357e+02
par[0]:	 6.80750000e+01
par[1]:	 2.70160400e+02
par[2]:	 1.72428400e+01
par[3]:	 1.88702300e+00
par[4]:	 6.82120000e+00
par[5]:	 6.34300000e-01
par[6]:	 7.12350000e+00
