name:	m-xylene
id:	13
text:	CoM; Data Daubert & Danner; 3 parameters fitted
pc:	 4.27631476e+00
Tc:	 6.35146056e+02
vc:	 3.81824332e+02
par[0]:	 1.06170000e+02
par[1]:	 2.90276000e+02
par[2]:	 1.80216000e+01
par[3]:	 2.98644000e+00
par[4]:	 7.13640000e+00
par[5]:	 3.50970000e-01
par[6]:	 1.41358000e+01
