name:	m-xylene
id:	11
text:	PC-SAFT2006 mit 1-Parameter Fit
pc:	 4.45019087e+00
Tc:	 6.42149875e+02
vc:	 3.71366587e+02
par[0]:	 1.06170000e+02
par[1]:	 3.00940100e+02
par[2]:	 1.86472960e+01
par[3]:	 2.81662100e+00
par[4]:	 7.13640000e+00
par[5]:	 3.50970000e-01
par[6]:	 1.41358000e+01
