name:	methyl_vinylether
id:	10
text:	CoM, data of Daubert & Danner all parameters predicted
pc:	 5.18354315e+00
Tc:	 4.42514311e+02
vc:	 2.19146308e+02
par[0]:	 5.80800000e+01
par[1]:	 2.27834782e+02
par[2]:	 1.44228030e+01
par[3]:	 2.15085000e+00
par[4]:	 4.80410000e+00
par[5]:	 1.71680000e+00
par[6]:	 6.84330000e+00
