name:	methyl-tert-butyl_ether
id:	10
text:	CoV, exp. data Daubert and Danner all parameters predicted
pc:	 4.04135089e+00
Tc:	 5.38144874e+02
vc:	 3.42981844e+02
par[0]:	 8.81500000e+01
par[1]:	 2.56547376e+02
par[2]:	 1.76167840e+01
par[3]:	 2.74331700e+00
par[4]:	 3.86140000e+00
par[5]:	 1.27800000e+00
par[6]:	 1.02098000e+01
