name:	methyl_propene_ester
id:	13
text:	CoM (gemittelt) data Daubert & Danner; 3 parameters fitted
pc:	 3.40622650e+00
Tc:	 5.14833241e+02
vc:	 2.96576089e+02
par[0]:	 8.60900000e+01
par[1]:	 2.08452000e+02
par[2]:	 1.98724000e+01
par[3]:	 2.07714000e+00
par[4]:	 1.00273000e+01
par[5]:	 4.28757000e+00
par[6]:	 1.02697000e+01
