name:	methane
id:	13
text:	VLE (IUPAC, Wagner et al.); 3 parameters fitted
pc:	 4.67314510e+00
Tc:	 1.91370774e+02
vc:	 1.08388203e+02
par[0]:	 1.60430000e+01
par[1]:	 1.49625000e+02
par[2]:	 1.59123000e+01
par[3]:	 1.00564000e+00
par[4]:	 0.00000000e+00
par[5]:	 0.00000000e+00
par[6]:	 2.44890000e+00
