name:	methyl_isopropyl_ether
id:	11
text:	PC-SAFT2006 mit 1-Parameter Fit
pc:	 4.18509035e+00
Tc:	 4.76691602e+02
vc:	 2.93715743e+02
par[0]:	 7.41230000e+01
par[1]:	 2.33502200e+02
par[2]:	 1.61152760e+01
par[3]:	 2.57250000e+00
par[4]:	 3.56190000e+00
par[5]:	 1.27700000e+00
par[6]:	 8.52170000e+00
