name:	methyl_acetoacetate
id:	10
text:	CoM (gemittelt), (exp. Data: Daubert und Danner) all parameters predicted
pc:	 4.46674216e+00
Tc:	 6.70061053e+02
vc:	 3.41805821e+02
par[0]:	 1.16120000e+02
par[1]:	 2.75308453e+02
par[2]:	 1.98857400e+01
par[3]:	 2.51468300e+00
par[4]:	 1.64529000e+01
par[5]:	 2.77052000e+00
par[6]:	 1.06040000e+01
