name:	methylpropane
id:	11
text:	PC-SAFT2006 mit 1-Parameter Fit
pc:	 3.90749075e+00
Tc:	 4.09649884e+02
vc:	 2.70719367e+02
par[0]:	 5.81230000e+01
par[1]:	 2.06537200e+02
par[2]:	 1.56725020e+01
par[3]:	 2.44258600e+00
par[4]:	 6.82000000e-01
par[5]:	 1.39900000e-01
par[6]:	 7.81430000e+00
