name:	methylbutane
id:	11
text:	PC-SAFT2006 mit 1-Parameter Fit
pc:	 3.76794937e+00
Tc:	 4.65747886e+02
vc:	 3.18524789e+02
par[0]:	 7.21500000e+01
par[1]:	 2.24347500e+02
par[2]:	 1.66508600e+01
par[3]:	 2.69799200e+00
par[4]:	 1.11240000e+00
par[5]:	 1.00350000e-01
par[6]:	 9.56660000e+00
