name:	methyl_propionate
id:	11
text:	PC-SAFT2006 mit 1-Parameter Fit
pc:	 4.67512008e+00
Tc:	 5.43729343e+02
vc:	 2.93953189e+02
par[0]:	 8.81060000e+01
par[1]:	 2.53722900e+02
par[2]:	 1.72687820e+01
par[3]:	 2.46397300e+00
par[4]:	 9.72175000e+00
par[5]:	 1.72615000e+00
par[6]:	 8.57480000e+00
