name:	methyl_vinylether
id:	11
text:	PC-SAFT2006 mit 1-Parameter Fit
pc:	 5.25581152e+00
Tc:	 4.48520155e+02
vc:	 2.19142071e+02
par[0]:	 5.80800000e+01
par[1]:	 2.31147300e+02
par[2]:	 1.44228030e+01
par[3]:	 2.15085000e+00
par[4]:	 4.80410000e+00
par[5]:	 1.71680000e+00
par[6]:	 6.84330000e+00
