name:	methyl_propyl_ether
id:	10
text:	CoM (gemittelt) data of Daubert & Danner all parameters predicted
pc:	 4.02610396e+00
Tc:	 4.58507014e+02
vc:	 2.93498955e+02
par[0]:	 7.41230000e+01
par[1]:	 2.21471637e+02
par[2]:	 1.56165770e+01
par[3]:	 2.65260300e+00
par[4]:	 3.74956000e+00
par[5]:	 1.17469000e+00
par[6]:	 8.55020000e+00
