name:	methylpropene
id:	11
text:	PC-SAFT2006 mit 1-Parameter Fit
pc:	 4.39642759e+00
Tc:	 4.23431234e+02
vc:	 2.48956546e+02
par[0]:	 5.61070000e+01
par[1]:	 2.17908100e+02
par[2]:	 1.50989400e+01
par[3]:	 2.33415300e+00
par[4]:	 2.19780000e+00
par[5]:	 4.85600000e-01
par[6]:	 7.69830000e+00
