name:	acetic_acid_methylester
id:	13
text:	CoM, data Daubert & Danner; 3 parameters fitted
pc:	 5.28174635e+00
Tc:	 5.15688785e+02
vc:	 2.39097051e+02
par[0]:	 7.40790000e+01
par[1]:	 2.56023000e+02
par[2]:	 1.83590000e+01
par[3]:	 1.93924000e+00
par[4]:	 9.57460000e+00
par[5]:	 1.79230000e+00
par[6]:	 6.81530000e+00
