name:	methyl-tert-butyl_ether
id:	13
text:	CoV, exp. Daubert & Danner; 3 parameters fitted
pc:	 3.82070287e+00
Tc:	 5.05720700e+02
vc:	 3.40689741e+02
par[0]:	 8.81500000e+01
par[1]:	 2.37502000e+02
par[2]:	 1.69094000e+01
par[3]:	 2.83504000e+00
par[4]:	 3.86140000e+00
par[5]:	 1.27800000e+00
par[6]:	 1.02098000e+01
