name:	naphthalene
id:	13
text:	CoM; Data Daubert & Danner; 3 parameters fitted
pc:	 4.78631513e+00
Tc:	 7.69570199e+02
vc:	 4.12616087e+02
par[0]:	 7.21510000e+01
par[1]:	 3.71731000e+02
par[2]:	 2.37710000e+01
par[3]:	 2.49496000e+00
par[4]:	 1.25090000e+01
par[5]:	 0.00000000e+00
par[6]:	 1.76546000e+01
