name:	naphtalene
id:	10
text:	CoM; Data Daubert und Danner all parameters predicted
pc:	 4.98572719e+00
Tc:	 7.77752757e+02
vc:	 3.99446267e+02
par[0]:	 7.21510000e+01
par[1]:	 3.61033826e+02
par[2]:	 2.11480580e+01
par[3]:	 2.70616200e+00
par[4]:	 1.25090000e+01
par[5]:	 0.00000000e+00
par[6]:	 1.76546000e+01
