name:	octane
id:	13
text:	CoM, exp. Daubert & Danner; 3 parameters fitted
pc:	 2.97809310e+00
Tc:	 5.80905300e+02
vc:	 4.98138321e+02
par[0]:	 1.14230000e+02
par[1]:	 2.40376000e+02
par[2]:	 1.76747000e+01
par[3]:	 3.87873000e+00
par[4]:	 2.84380000e+00
par[5]:	 2.45000000e-04
par[6]:	 1.51948000e+01
