name:	p-xylene
id:	10
text:	CoM; Data of Daubert, Danner all parameters predicted
pc:	 4.47624324e+00
Tc:	 6.46165457e+02
vc:	 3.71491877e+02
par[0]:	 1.06170000e+02
par[1]:	 3.02647064e+02
par[2]:	 1.86615880e+01
par[3]:	 2.81629300e+00
par[4]:	 7.30400000e+00
par[5]:	 3.40200000e-03
par[6]:	 1.41659000e+01
