name:	p-xylene
id:	13
text:	CoM; Data of Daubert & Danner; 3 parameters fitted
pc:	 4.24937813e+00
Tc:	 6.34088227e+02
vc:	 3.83636302e+02
par[0]:	 1.06170000e+02
par[1]:	 2.90450000e+02
par[2]:	 1.82392000e+01
par[3]:	 2.96676000e+00
par[4]:	 7.30400000e+00
par[5]:	 3.40200000e-03
par[6]:	 1.41659000e+01
