name:	dimethyl_ketone
id:	10
text:	CoM, (exp. Data: Daubert und Danner) all parameters predicted
pc:	 5.25788039e+00
Tc:	 4.78630279e+02
vc:	 2.15881979e+02
par[0]:	 5.80800000e+01
par[1]:	 2.20413857e+02
par[2]:	 1.26448620e+01
par[3]:	 2.29798500e+00
par[4]:	 4.52520000e+00
par[5]:	 2.91180000e+00
par[6]:	 6.18360000e+00
