name:	propane
id:	11
text:	PC-SAFT2006 mit 1-Parameter Fit
pc:	 4.34896807e+00
Tc:	 3.70040173e+02
vc:	 2.20293190e+02
par[0]:	 4.40970000e+01
par[1]:	 1.96576300e+02
par[2]:	 1.42539760e+01
par[3]:	 2.18782700e+00
par[4]:	 7.89170000e-01
par[5]:	 8.98000000e-02
par[6]:	 6.00310000e+00
