name:	propyne
id:	10
text:	CoM, exp data Daubert et al 1997 all parameters predicted
pc:	 5.77104646e+00
Tc:	 3.78268350e+02
vc:	 1.67553638e+02
par[0]:	 4.00650000e+01
par[1]:	 2.10508047e+02
par[2]:	 1.42784600e+01
par[3]:	 1.73021100e+00
par[4]:	 5.42630000e+00
par[5]:	 7.28300000e-01
par[6]:	 5.21040000e+00
