name:	tetrahydrofuran
id:	10
text:	CoM, (exp. Data: Daubert und Danner) all parameters predicted
pc:	 4.96085882e+00
Tc:	 5.11219700e+02
vc:	 2.65499534e+02
par[0]:	 7.21070000e+01
par[1]:	 2.60739129e+02
par[2]:	 1.65019030e+01
par[3]:	 2.27134600e+00
par[4]:	 5.01170000e+00
par[5]:	 1.83720000e+00
par[6]:	 7.61890000e+00
