name:	trioxane
id:	11
text:	PC-SAFT2006 mit 1-Parameter Fit
pc:	 5.87883826e+00
Tc:	 6.34868666e+02
vc:	 2.79347666e+02
par[0]:	 9.00790000e+01
par[1]:	 3.35127300e+02
par[2]:	 1.83466060e+01
par[3]:	 2.17016300e+00
par[4]:	 5.86460000e+00
par[5]:	 7.87620000e-01
par[6]:	 7.12400000e+00
