name:	vinylbenzene
id:	10
text:	CoM; (vinylbenzene, exp. Data: Daubert und Danner) all parameters predicted
pc:	 4.94087922e+00
Tc:	 6.76563010e+02
vc:	 3.50822962e+02
par[0]:	 1.04150000e+02
par[1]:	 3.18792073e+02
par[2]:	 1.92352200e+01
par[3]:	 2.61805300e+00
par[4]:	 1.04780000e+01
par[5]:	 1.49400000e-01
par[6]:	 1.45173000e+01
