name:	argon16
id:	2
text:	tangent hexadecamer: eps/k = 119.8 K, sigma = 0.3405 nm
pc:	 4.91756000e-01
Tc:	 4.01996536e+02
vc:	 2.57943288e+03
M:   3.99480000e+01 g/mol
Ts:  1.19800000e+02 K
vs:  2.37739800e+01 cm3/mol
m:   1.60000000e+01
