name:	argon
id:	1
text:	crit
pc:	 4.86300000e+00
Tc:	 1.50687000e+02
vc:	 8.22445629e+01
M:   3.99480000e+01
Ts:  1.14765418e+02
vs:  2.54958126e+01
m:   1.00000000e+00
