name:	argon4
id:	2
text:	tangent tetramer: eps/k = 119.8 K, sigma = 0.3405 nm
pc:	 2.09311300e+00
Tc:	 2.85910129e+02
vc:	 4.16929664e+02
M:   3.99480000e+01 g/mol
Ts:  1.19800000e+02 K
vs:  2.37739800e+01 cm3/mol
m:   4.00000000e+00
