name:	krypton
id:	1
text:	crit
pc:	 5.52000000e+00
Tc:	 2.09500000e+02
vc:	 1.00735055e+02
M:   8.38000000e+01 g/mol
Ts:  1.59558257e+02 K
vs:  3.12278648e+01 cm3/mol
m:   1.00000000e+00
