name:	krypton
id:	2
text:	fixed: eps/k = 158 K, sigma = 0.3597 nm 
pc:	 6.09046298e+00
Tc:	 2.07454009e+02
vc:	 9.04080713e+01
M:   8.38000000e+01 g/mol
Ts:  1.58000000e+02 K
vs:  2.80265000e+01 cm3/mol
m:   1.00000000e+00
