name:	krypton
id:	3
text:	VLE 163 K, crit.
pc:	 5.97639728e+00
Tc:	 2.12383147e+02
vc:	 9.43227104e+01
M:   8.38000000e+01 g/mol
Ts:  1.61754103e+02 K
vs:  2.92400380e+01 cm3/mol
m:   1.00000000e+00
