name:	neon
id:	1
text:	crit. data
pc:	 2.65400000e+00
Tc:	 4.44000000e+01
vc:	 4.44035539e+01
M:   2.01830000e+01 g/mol
Ts:  3.38156878e+01 K
vs:  1.37651007e+01 cm3/mol
m:   1.00000000e+00
