name:	1-chlorobutane
id:	3
text:	recomm. Gross & Sadowski
pc:	 4.57945484e+00
Tc:	 5.50947599e+02
vc:	 3.05305180e+02
par[0]:	 9.25680000e+01
par[1]:	 2.58660000e+02
par[2]:	 1.52374000e+01
par[3]:	 2.85850000e+00
