name:	2,2-dimethylbutane
id:	3
text:	recomm. Gross & Sadowski
pc:	 3.44000000e+00
Tc:	 4.97200000e+02
vc:	 3.73000000e+02
par[0]:	 8.61770000e+01
par[1]:	 2.43510000e+02
par[2]:	 2.02440000e+01
par[3]:	 2.60080000e+00
