name:	2,3-dimethylbutane
id:	3
text:	recomm. Gross & Sadowski
pc:	 3.53770142e+00
Tc:	 5.09723011e+02
vc:	 3.66384691e+02
par[0]:	 8.61770000e+01
par[1]:	 2.46070000e+02
par[2]:	 1.94995000e+01
par[3]:	 2.68530000e+00
