name:	2,3-dimethylpropane
id:	3
text:	recomm. Gross & Sadowski
pc:	 3.50304401e+00
Tc:	 4.39967253e+02
vc:	 3.24816136e+02
par[0]:	 7.21500000e+01
par[1]:	 2.25690000e+02
par[2]:	 1.95069000e+01
par[3]:	 2.35430000e+00
