name:	benzene
id:	3
text:	recomm. Gross & Sadowski
pc:	 5.53724716e+00
Tc:	 5.72394672e+02
vc:	 2.67074031e+02
par[0]:	 7.81140000e+01
par[1]:	 2.87350000e+02
par[2]:	 1.53053000e+01
par[3]:	 2.46530000e+00
