name:	butyl_ethanoate
id:	3
text:	recomm. Gross & Sadowski
pc:	 3.71378634e+00
Tc:	 5.91876527e+02
vc:	 4.06633679e+02
par[0]:	 1.16160000e+02
par[1]:	 2.42520000e+02
par[2]:	 1.40201000e+01
par[3]:	 3.98080000e+00
