name:	carbon_dioxide
id:	1
text:	crit, VLE
pc:	 7.38250000e+00
Tc:	 3.04210000e+02
vc:	 1.09636880e+02
par[0]:	 4.40000000e+01
par[1]:	 1.51820354e+02
par[2]:	 6.04933856e+00
par[3]:	 2.49696222e+00
