name:	chlorine
id:	3
text:	recomm. Gross & Sadowski
pc:	 8.34427775e+00
Tc:	 4.21178609e+02
vc:	 1.32172177e+02
par[0]:	 7.09050000e+01
par[1]:	 2.65670000e+02
par[2]:	 1.20380000e+01
par[3]:	 1.55140000e+00
