name:	chloroethane
id:	3
text:	recomm. Gross & Sadowski
pc:	 6.04295694e+00
Tc:	 4.69624743e+02
vc:	 2.01167213e+02
par[0]:	 6.45140000e+01
par[1]:	 2.45430000e+02
par[2]:	 1.25691000e+01
par[3]:	 2.26380000e+00
