name:	cyclohexane
id:	3
text:	recomm. Gross & Sadowski
pc:	 4.50630000e+00
Tc:	 5.61000000e+02
vc:	 3.22500000e+02
par[0]:	 8.41470000e+01
par[1]:	 2.78110000e+02
par[2]:	 1.79928000e+01
par[3]:	 2.53030000e+00
