name:	cyclopentane
id:	3
text:	recomm. Gross & Sadowski
pc:	 4.97967293e+00
Tc:	 5.19378934e+02
vc:	 2.69712091e+02
par[0]:	 7.01300000e+01
par[1]:	 2.65830000e+02
par[2]:	 1.61199000e+01
par[3]:	 2.36550000e+00
