name:	cyclopentene
id:	3
text:	recomm. Gross & Sadowski
pc:	 5.29212431e+00
Tc:	 5.15535869e+02
vc:	 2.52087659e+02
par[0]:	 6.81140000e+01
par[1]:	 2.67760000e+02
par[2]:	 1.55457000e+01
par[3]:	 2.29340000e+00
