name:	dodecane
id:	3
text:	recomm. Gross & Sadowski
pc:	 2.26547122e+00
Tc:	 6.73278748e+02
vc:	 7.47880552e+02
par[0]:	 1.70338000e+02
par[1]:	 2.49210000e+02
par[2]:	 1.86454000e+01
par[3]:	 5.30600000e+00
