name:	eicosane
id:	3
text:	recomm. Gross & Sadowski
pc:	 1.45888070e+00
Tc:	 7.84613329e+02
vc:	 1.29028309e+03
par[0]:	 2.82553000e+02
par[1]:	 2.57750000e+02
par[2]:	 1.99828000e+01
par[3]:	 7.98490000e+00
