name:	ethene
id:	3
text:	recomm. Gross & Sadowski
pc:	 5.10347442e+00
Tc:	 2.83567661e+02
vc:	 1.45352497e+02
par[0]:	 2.80500000e+01
par[1]:	 1.76470000e+02
par[2]:	 1.28919000e+01
par[3]:	 1.59300000e+00
