name:	ethyl_ethanoate
id:	3
text:	recomm. Gross & Sadowski
pc:	 4.71600000e+00
Tc:	 5.37700000e+02
vc:	 2.92000000e+02
par[0]:	 8.81060000e+01
par[1]:	 2.30800000e+02
par[2]:	 1.14132000e+01
par[3]:	 3.53750000e+00
