name:	ethyl_propanoate
id:	3
text:	recomm. Gross & Sadowski
pc:	 4.13431623e+00
Tc:	 5.60150962e+02
vc:	 3.46132545e+02
par[0]:	 1.02133000e+02
par[1]:	 2.32780000e+02
par[2]:	 1.24272000e+01
par[3]:	 3.83710000e+00
