name:	ethylcyclopentane
id:	3
text:	recomm. Gross & Sadowski
pc:	 3.89895453e+00
Tc:	 5.80369294e+02
vc:	 3.77525200e+02
par[0]:	 9.81820000e+01
par[1]:	 2.70500000e+02
par[2]:	 1.85222000e+01
par[3]:	 2.90620000e+00
