name:	methyl_propanoate
id:	3
text:	recomm. Gross & Sadowski
pc:	 4.84592987e+00
Tc:	 5.43843482e+02
vc:	 2.82376644e+02
par[0]:	 8.81060000e+01
par[1]:	 2.34960000e+02
par[2]:	 1.14785000e+01
par[3]:	 3.47930000e+00
