name:	methane
id:	2
text:	crit
pc:	4.595000
Tc:	190.555000
vc:	109.762291
par[0]:	1.6043000e+01
par[1]:	1.4936719e+02
par[2]:	1.6229649e+01
par[3]:	1.0000000e+00
