name:	methane
id:	3
text:	recomm. Gross & Sadowski
pc:	 4.67509005e+00
Tc:	 1.91400581e+02
vc:	 1.08360650e+02
par[0]:	 1.60430000e+01
par[1]:	 1.50030000e+02
par[2]:	 1.60224000e+01
par[3]:	 1.00000000e+00
