name:	methylcyclohexane
id:	3
text:	recomm. Gross & Sadowski
pc:	 2.94371121e+00
Tc:	 5.63375951e+02
vc:	 3.56555106e+02
par[0]:	 9.81820000e+01
par[1]:	 2.82330000e+02
par[2]:	 2.01698000e+01
par[3]:	 2.66370000e+00
