name:	nonadecane
id:	3
text:	recomm. Gross & Sadowski
pc:	 1.52140554e+00
Tc:	 7.72439621e+02
vc:	 1.22663504e+03
par[0]:	 2.68527000e+02
par[1]:	 2.56000000e+02
par[2]:	 1.97610000e+01
par[3]:	 7.71750000e+00
