name:	p-xylene
id:	3
text:	recomm. Gross & Sadowski
pc:	 4.20893986e+00
Tc:	 6.32207497e+02
vc:	 3.79675221e+02
par[0]:	 1.06167000e+02
par[1]:	 2.83770000e+02
par[2]:	 1.70047000e+01
par[3]:	 3.17230000e+00
