name:	propyl_methanoate
id:	3
text:	recomm. Gross & Sadowski
pc:	 4.90445463e+00
Tc:	 5.51735467e+02
vc:	 2.84216520e+02
par[0]:	 8.81060000e+01
par[1]:	 2.46460000e+02
par[2]:	 1.25779000e+01
par[3]:	 3.20880000e+00
