name:	sulfur_dioxide
id:	3
text:	recomm. Gross & Sadowski
pc:	 9.09548694e+00
Tc:	 4.37572130e+02
vc:	 1.22080953e+02
par[0]:	 6.40650000e+01
par[1]:	 2.05350000e+02
par[2]:	 6.08719000e+00
par[3]:	 2.86110000e+00
