name:	ammonia
id:	1
text:	Geana & Feroiu
pc:	 5.01875248e+01
Tc:	 4.05400000e+02
vc:	 7.24600000e+01
M:    1.70000000e+01 g/mol
Ts:   4.05400000e+02 K
vs:   7.24600000e+01 cm3/mol
ps:   1.13330000e+01 MPa
ac:   7.60900000e+00
m:    3.03500000e-01
