name:	argon
id:	1
text:	Geana & Feroiu
pc:	 1.85569304e+01
Tc:	 1.50900000e+02
vc:	 7.45700000e+01
M:    3.99480000e+01 g/mol
Ts:   1.50900000e+02 K
vs:   7.45700000e+01 cm3/mol
ps:   4.89800000e+00 MPa
ac:   5.90840000e+00
m:    1.37800000e-01
