name:	carbon_dioxide
id:	1
text:	Geana & Feroiu
pc:	 9.58321630e+01
Tc:	 3.04200000e+02
vc:	 9.44400000e+01
M:    4.40098000e+01 g/mol
Ts:   3.04200000e+02 K
vs:   9.44400000e+01 cm3/mol
ps:   7.38300000e+00 MPa
ac:   7.05170000e+00
m:    3.14600000e-01
