name:	propane
id:	1
text:	Geana & Feroiu
pc:	 1.67772355e+01
Tc:	 3.69900000e+02
vc:	 2.00000000e+02
M:    4.40000000e+01 g/mol
Ts:   3.69900000e+02 K
vs:   2.00000000e+02 cm3/mol
ps:   4.24700000e+00 MPa
ac:   6.71380000e+00
m:    2.98400000e-01
