name1:	methane
id1:	1
name2:	decane
id2:	1
id:	1
text:	VLE 511 K
par[1]:	  2.46005844e+02
par[2]:	  3.57266463e+02
