name:	1-butene
id:	1
text:	crit
pc:	 4.02000000e+00
Tc:	 4.19500000e+02
vc:	 2.66714299e+02
M:    5.61072000e+01 g/mol
Ts:   3.08194062e+02 K
vs:   6.74991443e+01 cm3/mol
omg:  1.94000000e-01
