name:	butane
id:	1
text:	crit + VLE 300 K
pc:	 3.63480087e+00
Tc:	 4.23675472e+02
vc:	 2.97916852e+02
par[0]:	 5.81200000e+01
par[1]:	 3.11261656e+02
par[2]:	 7.53957801e+01
par[3]:	 1.92900231e-01
