name:	carbon_monoxide
id:	1
text:	crit, VLE 81 K
pc:	 3.49875000e+00
Tc:	 1.34450000e+02
vc:	 9.82173658e+01
M:    2.80101000e+01 g/mol
Ts:   9.87763806e+01 K
vs:   2.48565157e+01 cm3/mol
omg:  2.52921322e-02
