name:	ethane
id:	1
text:	crit
pc:	 4.88000000e+00
Tc:	 3.05400000e+02
vc:	 1.59951781e+02
M:    3.00700000e+01 g/mol
Ts:   2.24368216e+02 K
vs:   4.04800508e+01 cm3/mol
omg:  9.90000000e-02
