name:	ethanoic_acid
id:	1
text:	crit, VLE (NIST WebBook)
pc:	 5.78600000e+00
Tc:	 5.93000000e+02
vc:	 2.61948944e+02
M:    6.00520000e+01 g/mol
Ts:   4.35659306e+02 K
vs:   6.62931445e+01 cm3/mol
omg:  4.49157491e-01
