name:	hexadecane
id:	1
text:	crit, VLE 300-400
pc:	 1.40121637e+00
Tc:	 7.21425672e+02
vc:	 1.31591179e+03
par[0]:	 2.26446000e+02
par[1]:	 5.30009794e+02
par[2]:	 3.33026464e+02
par[3]:	 7.74701039e-01
