name:	propadiene
id:	1
text:	crit, omg (Reid, Sherwood, Prausnitz)
pc:	 5.47000000e+00
Tc:	 3.93000000e+02
vc:	 1.83630836e+02
M:    4.00646000e+01 g/mol
Ts:   2.88725307e+02 K
vs:   4.64726651e+01 cm3/mol
omg:  3.13000000e-01
