name:	propene
id:	1
text:	crit
pc:	 4.61300000e+00
Tc:	 3.64800000e+02
vc:	 2.02121151e+02
M:    4.20804000e+01 g/mol
Ts:   2.68007614e+02 K
vs:   5.11521309e+01 cm3/mol
omg:  1.42000000e-01
