name:	R227ea
id:	1
text:	fitted to WSsh
pc:	 2.99914500e+00
Tc:	 3.75950363e+02
vc:	 3.20385928e+02
M:    1.70028860e+02 g/mol
Ts:   2.76199451e+02 K
vs:   8.10821770e+01 cm3/mol
omg:  3.53266773e-01
