name:	TDI24
id:	1
text:	VLE 300-520 K
pc:	 3.72203517e+00
Tc:	 7.64313110e+02
vc:	 5.24845193e+02
par[0]:	 1.74200000e+02
par[1]:	 5.61517908e+02
par[2]:	 1.32826030e+02
par[3]:	 4.80825249e-01
