name:	tetracosane
id:	2
text:	VLE 320-500 K
pc:	 1.25985046e+00
Tc:	 8.03462908e+02
vc:	 1.63000601e+03
par[0]:	 3.38663000e+02
par[1]:	 5.90280089e+02
par[2]:	 4.12516357e+02
par[3]:	 1.21411521e+00
