name:	water
id:	2
text:	crit, VLE 323-373 K
pc:	 2.16841673e+01
Tc:	 6.49138116e+02
vc:	 7.65129152e+01
M:    1.80152680e+01 g/mol
Ts:   4.76902295e+02 K
vs:   1.93636274e+01 cm3/mol
omg:  3.17131306e-01
