name1:	carbon_dioxide
id1:	1
name2:	adamantane_D1
id2:	1
id:	1
text:	SGE 343-403 K
par[1]:	2.9597467e+02
par[2]:	4.0196598e+01
par[3]:	2.0638351e+00
