name1:	ethanol
id1:	2
name2:	benzene
id2:	2
id:	1
text:	VLE 340K
par[1]:	  5.68030222e+02
par[2]:	  4.66226626e+01
par[3]:	  1.55998153e+00
