name1:	methane
id1:	1
name2:	tetracosane
id2:	2
id:	2
text:	manual
par[1]:	6.2852428e+02
par[2]:	1.5928720e+02
par[3]:	1.6679848e+00
