name1:	neon
id1:	1
name2:	krypton
id2:	2
id:	1
text:	VLE 163 K
par[1]:	  5.22258771e+01
par[2]:	  1.61645763e+01
par[3]:	  1.32556891e+00
