name:	hydrogen
id:	4
text:	crit +qcorr, BH
pc:	 1.29640000e+00
Tc:	 3.31450000e+01
vc:	 7.38700657e+01
par[0]:	 2.01594000e+00
par[1]:	 3.72635480e+01
par[2]:	 7.95963039e+00
par[3]:	 1.00000000e+00
