name:	krypton
id:	1
text:	crit.
pc:	 5.52000007e+00
Tc:	 2.09500000e+02
vc:	 1.09655718e+02
M:   8.38000000e+01 g/mol
Ts:  1.58447945e+02 K
vs:  1.84753644e+01 cm3/mol
c:   1.00000000e+00
