name:	krypton
id:	2
text:	VLE 163 K, crit.
pc:	 5.97986869e+00
Tc:	 2.15360326e+02
vc:	 1.04054359e+02
M:   8.38000000e+01 g/mol
Ts:  1.62899044e+02 K
vs:  1.75292126e+01 cm3/mol
c:   1.00000000e+00
