name1:	carbon_dioxide
id1:	1
name2:	p-quinone
id2:	2
id:	2
text:	SGE 300 K
par[1]:	5.2719220e+02
par[2]:	3.6946285e+01
par[3]:	1.3345634e+00
