name1:	carbon_dioxide
id1:	1
name2:	mesitylene
id2:	2
id:	1
text:	estimated
par[1]:	3.8594595e+02
par[2]:	5.5933530e+01
par[3]:	2.3573209e+00
