name1:	carbon_dioxide
id1:	1
name2:	p-quinone
id2:	1
id:	1
text:	SGE 300 K
par[1]:	5.5580933e+02
par[2]:	5.4793041e+01
par[3]:	1.0824207e+00
