name1:	methane
id1:	1
name2:	tetracosane
id2:	4
id:	6
text:	VLE 350 K
par[1]:	4.9247925e+02
par[2]:	1.6445202e+02
par[3]:	2.4527193e+00
