name:	decane
id:	1
text:	crit
pc:	 2.10300000e+00
Tc:	 6.17700000e+02
vc:	 8.74087407e+02
M:    1.42285000e+02 g/mol
Ts:   8.05233335e+02 K
vs:   1.07020515e+02 cm3/mol
mLJ:  1.20000000e+01 cm3/mol
nLJ:  6.00000000e+00 cm3/mol
