name:	methane
id:	1
text:	crit
pc:	4.595000
Tc:	190.555000
vc:	123.409363
par[0]:	1.6043000e+01
par[1]:	2.4840738e+02
par[2]:	1.5109854e+01
par[3]:	1.2000000e+01
par[4]:	6.0000000e+00
