name:	carbon_dioxide
id:	1
text:	pVT & VLE, 250-800 K, 1-100 MPa
pc:	 7.37842037e+00
Tc:	 3.04135257e+02
vc:	 1.01104540e+02
M:   4.40098000e+01 g/mol
Ts:  2.83191328e+02 K
vs:  3.08104995e+01 cm3/mol
C:   1.27894286e+00
D:   9.65593413e-01
m1:  1.11210637e+00
m2:  3.89194003e-01
