name:	argon
id:	2
text:	fixed: eps/k = 119.8 K, sigma = 0.3405 nm
pc:	 5.93900362e+00
Tc:	 1.61730102e+02
vc:	 6.79255658e+01
M:   3.99480000e+01 g/mol
Ts:  1.19800000e+02 K
vs:  2.37739800e+01 cm3/mol
