name:	krypton
id:	1
text:	crit.
pc:	 5.52000000e+00
Tc:	 2.09500000e+02
vc:	 9.46679404e+01
par[0]:	 8.38000000e+01
par[1]:	 1.55185087e+02
par[2]:	 3.31338237e+01
