name1:	carbon_dioxide
id1:	1
name2:	p-quinone
id2:	1
id:	1
text:	SGE 300 K
Ts:	2.8445768e+02
vs:	6.6338744e+01
fT:	1.0
