name1:	ethane
id1:	1
name2:	limonene
id2:	1
id:	1
text:	prediction
Ts:	3.2983656e+02
vs:	9.7860490e+01
fT:	1.0
