name1:	neon
id1:	1
name2:	krypton
id2:	2
id:	1
text:	VLE 163
Ts:	2.3681143e+01
vs:	6.2514546e+00
fT:	1.0
