name1:	methane
id1:	1
name2:	tetracosane
id2:	1
id:	1
text:	VLE 350 K
par[1]:	2.0087424e+02
par[2]:	2.8064978e+02 
