name1:	carbon_dioxide
id1:	1
name2:	hydrogen_sulfide
id2:	1
id:	1
text:	1
Ts:   2.16608953e+02 K
vs:   2.68280772e+01 cm3/mol
