name1:	ethane
id1:	1
name2:	propane
id2:	1
id:	1
text:	VLE 283 K
par[1]:	  2.42418877e+02
par[2]:	  4.83963469e+01
