name:	B
id:	1
text:	artificial
pc:	10.000000
Tc:	400.000000
vc:	124.717650
par[0]:	4.0000000e+01
par[1]:	2.1486000e+02
par[2]:	4.1572360e+01
