name:	butane
id:	1
text:	crit
pc:	 3.79600000e+00
Tc:	 4.25125000e+02
vc:	 3.49187243e+02
par[0]:	 5.81230000e+01
par[1]:	 2.28355015e+02
par[2]:	 1.16395748e+02
