name:	carbon_dioxide
id:	1
text:	pc, Tc
pc:	7.382500
Tc:	304.210000
vc:	128.479170
par[0]:	4.4010000e+01
par[1]:	1.6340577e+02
par[2]:	4.2826391e+01
