name:	ethane
id:	1
text:	crit
pc:	 4.88000000e+00
Tc:	 3.05400000e+02
vc:	 1.95126897e+02
par[0]:	 3.00700000e+01
par[1]:	 1.64044979e+02
par[2]:	 6.50422990e+01
