name:	fluorine
id:	1
text:	crit
pc:	 5.17240000e+00
Tc:	 1.44121000e+02
vc:	 8.68766551e+01
par[0]:	 3.79968100e+01
par[1]:	 7.74142972e+01
par[2]:	 2.89588850e+01
