name:	methane
id:	1
text:	crit
pc:	4.595000
Tc:	190.555000
vc:	129.299710
par[0]:	1.6040000e+01
par[1]:	1.0235622e+02
par[2]:	4.3099902e+01
