name:	neon
id:	1
text:	crit
pc:	 2.65400000e+00
Tc:	 4.44000000e+01
vc:	 5.21614889e+01
par[0]:	 2.01830000e+01
par[1]:	 2.38493682e+01
par[2]:	 1.73871630e+01
