name:	octane
id:	1
text:	crit
pc:	 2.49700000e+00
Tc:	 5.69300000e+02
vc:	 7.10870626e+02
par[0]:	 1.14231000e+02
par[1]:	 3.05798318e+02
par[2]:	 2.36956875e+02
