name:	propane
id:	1
text:	crit
pc:	 4.24800000e+00
Tc:	 3.69825000e+02
vc:	 2.71443649e+02
par[0]:	 4.40970000e+01
par[1]:	 1.98650734e+02
par[2]:	 9.04812165e+01
