name:	water
id:	1
text:	crit
pc:	  2.20640000e+01
Tc:	  6.47096000e+02
vc:	  9.14434061e+01
par[0]:	  1.80152680e+01
par[1]:	  3.47586279e+02
par[2]:	  3.04811354e+01
