name:	water
id:	2
text:	VLE 300 K
pc:	 7.32864675e+01
Tc:	 1.16909812e+03
vc:	 4.97385494e+01
par[0]:	 1.80152680e+01
par[1]:	 6.27978637e+02
par[2]:	 1.65795165e+01
