name1:	neon
id1:	1
name2:	krypton
id2:	2
id:	1
text:	VLE 163 K
par[1]:	6.5082936e+01
par[2]:	2.1561134e+01
