name1:	neon
id1:	2
name2:	krypton
id2:	4
id:	2
text:	fixed: eps12/k = 64.6 K, sigma12 = 0.3265 nm
Ts:   6.46000000e+01 K
vs:   2.09604000e+01 cm3/mol
