name1:	neon
id1:	1
name2:	krypton
id2:	2
id:	1
text:	VLE 163
par[1]:	  6.33728220e+01
par[2]:	  1.46691345e+01
par[3]:	  1.16511923e+00
