name:	argon
id:	2
text:	crit; eta = 0.6*omega*Tc, C=0.12
pc:	 4.89790000e+00
Tc:	 1.50860000e+02
vc:	 7.45700000e+01
par[0]:	 3.99480000e+01
par[1]:	 1.48816330e+02
par[2]:	 1.69356160e+01
par[3]:	 9.91596092e-01
par[4]:	 0.00000000e+00
par[5]:	 1.20000000e-01
