name:	benzene
id:	2
text:	Simnick
pc:	 4.95156412e+00
Tc:	 5.65768006e+02
vc:	 2.62770093e+02
par[0]:	 7.81100000e+01
par[1]:	 5.32120000e+02
par[2]:	 5.43830000e+01
par[3]:	 1.05900000e+00
par[4]:	 7.15000000e+01
par[5]:	 1.20000000e-01
