name:	benzene
id:	1
text:	Machat & Boublik
pc:	 4.92032403e+00
Tc:	 5.64015675e+02
vc:	 2.63572236e+02
par[0]:	 7.81100000e+01
par[1]:	 5.29500000e+02
par[2]:	 5.46920000e+01
par[3]:	 1.05800000e+00
par[4]:	 7.17900000e+01
par[5]:	 1.20000000e-01
