name:	butane
id:	4
text:	Vargaftik
pc:	 3.78752425e+00
Tc:	 4.27037431e+02
vc:	 2.59214072e+02
par[0]:	 5.81200000e+01
par[1]:	 4.02460000e+02
par[2]:	 5.39070000e+01
par[3]:	 1.05700000e+00
par[4]:	 5.20000000e+01
par[5]:	 1.20000000e-01
