name:	ethene
id:	1
text:	Machat & Boublik
pc:	 5.16025102e+00
Tc:	 2.83379992e+02
vc:	 1.28205054e+02
par[0]:	 2.80500000e+01
par[1]:	 2.75950000e+02
par[2]:	 2.81250000e+01
par[3]:	 1.02600000e+00
par[4]:	 1.44200000e+01
par[5]:	 1.20000000e-01
