name:	hydrogen_sulfide
id:	1
text:	Machat & Boublik
pc:	 8.90907986e+00
Tc:	 3.73443480e+02
vc:	 9.67211139e+01
par[0]:	 3.40800000e+01
par[1]:	 3.73670000e+02
par[2]:	 2.06780000e+01
par[3]:	 1.04200000e+00
par[4]:	 1.50000000e+01
par[5]:	 1.20000000e-01
