name:	hydrogen_sulfide
id:	2
text:	Simnick
pc:	 8.85174802e+00
Tc:	 3.72679005e+02
vc:	 9.70518990e+01
par[0]:	 3.40800000e+01
par[1]:	 3.73660000e+02
par[2]:	 2.06720000e+01
par[3]:	 1.04400000e+00
par[4]:	 1.50000000e+01
par[5]:	 1.20000000e-01
