name:	methanol
id:	3
text:	Chen & Kreglewski
pc:	 4.81485121e+00
Tc:	 1.92172819e+02
vc:	 9.57117743e+01
par[0]:	 3.20400000e+01
par[1]:	 1.90290000e+02
par[2]:	 2.15760000e+01
par[3]:	 1.00000000e+00
par[4]:	 1.00000000e+00
par[5]:	 1.20000000e-01
