name:	octane
id:	3
text:	crit
pc:	 2.52916615e+00
Tc:	 5.69849137e+02
vc:	 5.51140792e+02
par[0]:	 114.23
par[1]:	 5.10573749e+02
par[2]:	 9.73095640e+01
par[3]:	 1.10566200e+00
par[4]:	 1.34500000e+02
par[5]:	 1.20000000e-01
