name:	propane
id:	3
text:	Vargaftik
pc:	 4.33799478e+00
Tc:	 3.71508316e+02
vc:	 1.97830893e+02
par[0]:	 4.40970000e+01
par[1]:	 3.51420000e+02
par[2]:	 4.25770000e+01
par[3]:	 1.04000000e+00
par[4]:	 3.64000000e+01
par[5]:	 1.20000000e-01
