name:	argon
id:	1
text:	fixed (Xiang)
pc:	 4.76485379e+00
Tc:	 1.50073998e+02
vc:	 6.86253629e+01
par[0]:	 3.99480000e+01
par[1]:	 1.50687000e+02
par[2]:	 7.45855000e+01
par[3]:	 0.00000000e+00
par[4]:	 0.00000000e+00
