name:	carbon_dioxide
id:	1
text:	fixed (Xiang)
pc:	 7.47271496e+00
Tc:	 3.04715155e+02
vc:	 9.35827500e+01
par[0]:	 4.40100000e+01
par[1]:	 3.04128000e+02
par[2]:	 9.41189000e+01
par[3]:	 2.25000000e-01
par[4]:	 2.38000000e-04
