name:	dinitrogen_oxide
id:	1
text:	fixed (Xiang)
pc:	 7.34416058e+00
Tc:	 3.09712054e+02
vc:	 9.51541096e+01
par[0]:	 4.40130000e+01
par[1]:	 3.09600000e+02
par[2]:	 9.70000000e+01
par[3]:	 1.65000000e-01
par[4]:	 2.76000000e-04
