name:	ethane
id:	1
text:	fixed (Xiang)
pc:	 4.91083560e+00
Tc:	 3.05483566e+02
vc:	 1.42976622e+02
par[0]:	 3.00700000e+01
par[1]:	 3.05320000e+02
par[2]:	 1.45500000e+02
par[3]:	 9.90000000e-02
par[4]:	 1.15700000e-04
