name:	methane
id:	1
text:	fixed (Xiang)
pc:	 4.60848399e+00
Tc:	 1.90778487e+02
vc:	 9.68013905e+01
par[0]:	 1.60430000e+01
par[1]:	 1.90564000e+02
par[2]:	 9.86300000e+01
par[3]:	 1.10000000e-02
par[4]:	 1.43000000e-05
