name:	methylbutane
id:	1
text:	fixed (Xiang)
pc:	 3.38914161e+00
Tc:	 4.60290781e+02
vc:	 3.07308922e+02
par[0]:	 7.21500000e+01
par[1]:	 4.60390000e+02
par[2]:	 3.08300000e+02
par[3]:	 2.27000000e-01
par[4]:	 3.13000000e-04
