name:	nitrogen
id:	1
text:	fixed (Xiang)
pc:	 3.32598072e+00
Tc:	 1.26303086e+02
vc:	 8.85268268e+01
par[0]:	 2.80140000e+01
par[1]:	 1.26200000e+02
par[2]:	 9.01000000e+01
par[3]:	 3.70000000e-02
par[4]:	 3.00000000e-06
