name:	octane
id:	1
text:	fixed (Xiang)
pc:	 2.49029155e+00
Tc:	 5.68750173e+02
vc:	 4.88376553e+02
par[0]:	 1.14231000e+02
par[1]:	 5.68700000e+02
par[2]:	 4.92000000e+02
par[3]:	 3.98000000e-01
par[4]:	 9.56000000e-04
