name:	propanone
id:	1
text:	fixed (Xiang)
pc:	 5.10800455e+00
Tc:	 5.13940232e+02
vc:	 1.95475832e+02
par[0]:	 5.80800000e+01
par[1]:	 5.08100000e+02
par[2]:	 2.09000000e+02
par[3]:	 3.08000000e-01
par[4]:	 3.23000000e-03
