name:	propane
id:	1
text:	fixed (Xiang)
pc:	4.248
Tc:	369.825
vc:	200.004536
par[0]:	4.4097000e+01
par[1]:	3.6982500e+02
par[2]:	2.0000454e+02
par[3]:	1.5308000e-01 
par[4]:	1.7400000e-04 
