name:	R143a
id:	1
text:	fixed (Xiang)
pc:	 3.92056043e+00
Tc:	 3.46868147e+02
vc:	 1.83713053e+02
par[0]:	 8.40410000e+01
par[1]:	 3.45857000e+02
par[2]:	 1.94990000e+02
par[3]:	 2.62000000e-01
par[4]:	 1.22310000e-03
