name:	R152a
id:	1
text:	fixed (Xiang)
pc:	 4.73488311e+00
Tc:	 3.87889486e+02
vc:	 1.67936635e+02
par[0]:	 6.60510000e+01
par[1]:	 3.86410000e+02
par[2]:	 1.79000000e+02
par[3]:	 2.75000000e-01
par[4]:	 1.47400000e-03
