name:	R22
id:	1
text:	fixed (Xiang)
pc:	 5.06649284e+00
Tc:	 3.69450016e+02
vc:	 1.59976281e+02
par[0]:	 8.64690000e+01
par[1]:	 3.69280000e+02
par[2]:	 1.65017000e+02
par[3]:	 2.21000000e-01
par[4]:	 4.80500000e-04
