name:	R32
id:	1
text:	fixed (Xiang)
pc:	 6.20720044e+00
Tc:	 3.54043902e+02
vc:	 1.14222996e+02
par[0]:	 5.20240000e+01
par[1]:	 3.51255000e+02
par[2]:	 1.21551000e+02
par[3]:	 2.77000000e-01
par[4]:	 2.42750000e-03
