name:	xenon
id:	1
text:	fixed (Xiang)
pc:	 5.86804876e+00
Tc:	 2.90100610e+02
vc:	 1.15774621e+02
par[0]:	 1.31290000e+02
par[1]:	 2.89740000e+02
par[2]:	 1.18000000e+02
par[3]:	 0.00000000e+00
par[4]:	 1.60000000e-05
