name:	diethylen_glycol
id:	2
text:	VLE 400-520 K
pc:	1.430080
Tc:	637.121796
vc:	464.124298
par[0]:	1.0612190e+02
par[1]:	2.2746675e+02
par[2]:	4.4755489e+01
par[3]:	1.0000000e+00
par[4]:	-4.5676737e+04
par[5]:	8.2217819e+00
par[6]:	0.0000000e+00
