name:	hexanol
id:	3
text:	VLE 320 K
pc:	4.593668
Tc:	731.950708
vc:	379.526014
par[0]:	1.0217600e+02
par[1]:	6.2250114e+02
par[2]:	8.3507491e+01
par[3]:	1.1000000e+00
par[4]:	-2.5000000e+04
par[5]:	-3.8521910e+01
par[6]:	0.0000000e+00
