name:	methanol
id:	2
text:	VLE 300-474 K
pc:	8.230487
Tc:	513.228201
vc:	117.911100
par[0]:	3.2042000e+01
par[1]:	3.2952437e+02
par[2]:	1.4710302e+01
par[3]:	1.1500000e+00
par[4]:	-2.0638369e+04
par[5]:	1.1998988e+01
par[6]:	0.0000000e+00
