name:	propane
id:	2
text:	VLE 236-363 K
pc:	4.386935
Tc:	372.017466
vc:	200.207922
par[0]:	4.4097000e+01
par[1]:	3.4059295e+02
par[2]:	4.3709243e+01
par[3]:	1.1309726e+00
par[4]:	1.0000000e+10
par[5]:	0.0000000e+00
par[6]:	0.0000000e+00
