name1:	carbon_dioxide
id1:	1
name2:	hexadecane
id2:	2
id:	1
text:	VLE 313-333 K
par[1]:	2.6291460e+02
par[2]:	1.4983665e+02 
