name1:	carbon_dioxide
id1:	1
name2:	adamantane_RK
id2:	1
id:	1
text:	SGE 343-403 K
par[1]:	3.0060911e+02
par[2]:	7.4008850e+01 
