name1:	neon
id1:	2
name2:	krypton
id2:	4
id:	2
text:	Hoheisel & Deiters 1989
Ts:   6.46000000e+01 K
vs:   2.09604450e+01 cm3/mol
