name1:	oxygen
id1:	1
name2:	mesitylene
id2:	2
id:	1
text:	estimated
par[1]:	2.1933214e+02
par[2]:	5.3975821e+01
par[3]:	1.7548677e+00
