name:	A
id:	1
text:	artificial
pc:	 5.00000000e+00
Tc:	 2.00000000e+02
vc:	 1.24717080e+02
M:   4.00000000e+01 g/mol
Ts:  1.07429587e+02 K
vs:  4.15723600e+01 cm3/mol
