name:	decane
id:	1
text:	crit
pc:	 2.10300000e+00
Tc:	 6.17700000e+02
vc:	 9.15807659e+02
M:   1.42285000e+02 g/mol
Ts:  3.31796278e+02 K
vs:  3.05269220e+02 cm3/mol
