name:	hexane
id:	1
text:	crit
pc:	 3.03400000e+00
Tc:	 5.07820000e+02
vc:	 5.21869784e+02
par[0]:	 8.61770000e+01
par[1]:	 2.72774463e+02
par[2]:	 1.73956595e+02
