name:	krypton
id:	2
text:	VLE 120-163
pc:	 9.66016240e+00
Tc:	 2.68767066e+02
vc:	 8.67480159e+01
par[0]:	 8.38000000e+01
par[1]:	 1.44367674e+02
par[2]:	 2.89160053e+01
