name:	pentane
id:	1
text:	crit, VLE 330-480
pc:	4.455395
Tc:	568.655173
vc:	397.952059
par[0]:	7.2151000e+01
par[1]:	3.0545195e+02
par[2]:	1.3265069e+02
