name:	xenon
id:	1
text:	sigma = 0.3405 nm (LJ)
pc:	0.000000
Tc:	-1.000000
vc:	0.000000
M:	3.99480000e+01 g/mol
vs:	1.24480400e+01 cm3/mol
