name:	xenon
id:	1
text:	Lisbon project
pc:	0.000000
Tc:	-1.000000
vc:	0.000000
M:	1.3130000e+02
vs:	2.3360780e+01
