name:	butane
id:	1
text:	Geana & Feroiu
pc:	 1.52186292e+01
Tc:	 4.25200000e+02
vc:	 2.54680000e+02
M:    5.80000000e+01 g/mol
Ts:   4.25200000e+02 K
vs:   2.54680000e+02 cm3/mol
ps:   3.79700000e+00 MPa
ac:   7.02390000e+00
m:    2.97300000e-01
