name:	carbon_dioxide
id:	2
text:	pVT & VLE, 250-800 K, 1-100 MPa
pc:	 2.93479425e+01
Tc:	 3.04128200e+02
vc:	 9.41184773e+01
M:    4.40098000e+01 g/mol
Ts:   3.04128200e+02 K
vs:   9.41184773e+01 cm3/mol
ps:   7.37730000e+00 MPa
ac:   6.09577085e+00
m:    1.35592697e-01
