name:	methane
id:	1
text:	Geana & Feroiu
pc:	 1.76039991e+01
Tc:	 1.90600000e+02
vc:	 9.89200000e+01
M:    1.60000000e+01 g/mol
Ts:   1.90600000e+02 K
vs:   9.89200000e+01 cm3/mol
ps:   4.59500000e+00 MPa
ac:   5.99860000e+00
m:    1.57100000e-01
