name:	water
id:	1
text:	Geana & Feroiu
pc:	 1.01598132e+02
Tc:	 6.47300000e+02
vc:	 5.68300000e+01
M:    1.80000000e+01 g/mol
Ts:   6.47300000e+02 K
vs:   5.68300000e+01 cm3/mol
ps:   2.20900000e+01 MPa
ac:   8.07250000e+00
m:    3.51600000e-01
