name1:	krypton
id1:	1
name2:	xenon
id2:	1
id:	1
text:	VLE 180-220 K
par[1]:	  1.85377181e+02
par[2]:	  1.71348198e+01
