name:	decane
id:	1
text:	crit
pc:	 2.10300000e+00
Tc:	 6.17700000e+02
vc:	 7.71023223e+02
M:   1.42285000e+02 g/mol
Ts:  6.58113681e+02 K
vs:  6.41062396e+01 cm3/mol
