name:	ethyne
id:	1
text:	crit
pc:	 6.13900000e+00
Tc:	 3.08300000e+02
vc:	 1.31827801e+02
par[0]:	 2.60380000e+01
par[1]:	 3.28470856e+02
par[2]:	 1.09607393e+01
