name:	hexane
id:	1
text:	crit
pc:	 3.03400000e+00
Tc:	 5.07820000e+02
vc:	 4.39362873e+02
M:   8.61770000e+01 g/mol
Ts:  5.41044665e+02 K
vs:  3.65305489e+01 cm3/mol
