name:	nonane
id:	1
text:	crit
pc:	 2.28100000e+00
Tc:	 5.94550000e+02
vc:	 6.84214429e+02
M:   1.28255100e+02 g/mol
Ts:  6.33449067e+02 K
vs:  5.68885772e+01 cm3/mol
