name1:	neon
id1:	1
name2:	krypton
id2:	2
id:	1
text:	VLE 163 K
par[1]:	6.1947688e+01
par[2]:	1.5739702e+01
par[3]:	1.1349696e+00
