name:	ethyne
id:	1
text:	crit m=1
pc:	 5.67232481e+00
Tc:	 3.32985392e+02
vc:	 1.75374802e+02
par[0]:	 2.60380000e+01
par[1]:	 4.41575975e+02
par[2]:	 2.28131195e+01
par[3]:	 1.00000000e+00
