name1:	neon
id1:	1
name2:	krypton
id2:	2
id:	2
text:	VLE 163 K
Ts:   6.60261020e+01 K
vs:   2.23986196e+01 cm3/mol
