name:	ethyne
id:	1
text:	crit
pc:	 6.13900000e+00
Tc:	 3.08300000e+02
vc:	 1.49883566e+02
par[0]:	 2.60380000e+01
par[1]:	 4.08544788e+02
par[2]:	 1.95513945e+01
