name:	krypton
id:	2
text:	VLE 120-163
pc:	 6.24366609e+00
Tc:	 2.19369799e+02
vc:	 1.04861314e+02
par[0]:	 8.38000000e+01
par[1]:	 2.90698631e+02
par[2]:	 1.36785171e+01
