name:	nonane
id:	1
text:	crit
pc:	 2.28100000e+00
Tc:	 5.94550000e+02
vc:	 7.77927706e+02
M:   1.28255100e+02 g/mol
Ts:  7.87869943e+02 K
vs:  1.01475912e+02 cm3/mol
