name:	carbon_dioxide
id:	1
text:	fixed Heidaryan & Jarrahian
pc:	7.3773
Tc:	304.128
vc:	114.2541
M:	 4.4009800e+01
Ts:	 1.8708864e+02
vs:	 2.9697050e+01 
