name:	krypton
id:	2
text:	VLE 163 K, crit.
pc:	 5.68120298e+00
Tc:	 2.10377086e+02
vc:	 1.02629343e+02
M:    8.38000000e+01 g/mol
Ts:   1.29749080e+02 K
vs:   2.66755266e+01 cm3/mol
omg:  0.00000000e+00
