name:	methane
id:	1
text:	crit
pc:	4.595000
Tc:	190.555000
vc:	114.933072
par[0]:	1.6043000e+01
par[1]:	1.1752390e+02
par[2]:	2.9873525e+01
par[3]:	0.0000000e+00 
