name:	argon
id:	1
text:	crit
pc:	4.897900
Tc:	150.860000
vc:	76.828467
par[0]:	3.9948000e+01
par[1]:	1.1174808e+02
par[2]:	2.6890000e+01
