name:	krypton
id:	3
text:	fixed: eps/k = 158 K, sigma = 0.3597 nm 
pc:	 6.64426409e+00
Tc:	 2.13300135e+02
vc:	 8.00756066e+01
M:   8.38000000e+01 g/mol
Ts:  1.58000000e+02 K
vs:  2.80265000e+01 cm3/mol
