name:	methane
id:	1
text:	crit
pc:	4.579735
Tc:	190.555000
vc:	103.784564
par[0]:	 1.6043000e+01
par[1]:	 1.4115176e+02
par[2]:  3.6324646e+01
