name1:	carbon_dioxide
id1:	1
name2:	decane
id2:	2
id:	1
text:	VLE 311-344 K
par[1]:	  2.93597321e+02
par[2]:	  7.72231865e+01
par[3]:	  2.12874274e+00
