name1:	neon
id1:	1
name2:	krypton
id2:	2
id:	1
text:	VLE 163 K
par[1]:	5.5124149e+01
par[2]:	1.5701117e+01
par[3]:	1.2732010e+00
