name:	propane
id:	1
text:	crit
pc:	 4.26100000e+00
Tc:	 3.70020000e+02
vc:	 2.27951407e+02
M:   4.40970000e+01 g/mol
Ts:  3.94228953e+02 K
vs:  1.89528760e+01 cm3/mol
