name:	xenon
id:	1
text:	crit
pc:	 5.84050000e+00
Tc:	 2.89765000e+02
vc:	 1.30234790e+02
par[0]:	 1.31290000e+02
par[1]:	 3.08723184e+02
par[2]:	 1.08282895e+01
