name1:	carbon_dioxide
id1:	1
name2:	caffeine
id2:	2
id:	1
text:	SGE Ebeling
par[1]:	  2.11788995e+02
par[2]:	  6.36747330e+00
