name:	cyclohexane
id:	1
text:	crit, omg (Reid, Sherwood, Prausnitz)
pc:	 4.07000000e+00
Tc:	 5.53800000e+02
vc:	 3.47775457e+02
M:    8.41608000e+01 g/mol
Ts:   4.06860242e+02 K
vs:   8.80138254e+01 cm3/mol
omg:  2.12000000e-01
