name:	dimethyl_ether
id:	1
text:	crit, Lemmon2011a
pc:	 5.33680000e+00
Tc:	 4.00378000e+02
vc:	 1.91747252e+02
M:    4.60688000e+01 g/mol
Ts:   2.94145703e+02 K
vs:   4.85267400e+01 cm3/mol
omg:  1.96000000e-01
