name:	fluorine
id:	1
text:	crit
pc:	 5.17240000e+00
Tc:	 1.44121000e+02
vc:	 7.12159933e+01
par[0]:	 3.79968100e+01
par[1]:	 1.05881374e+02
par[2]:	 1.80231005e+01
par[3]:	 5.32292439e-02
