name:	hexadecane
id:	2
text:	VLE 300-400
pc:	 1.67610021e+00
Tc:	 7.26669621e+02
vc:	 1.10809606e+03
par[0]:	 2.26446000e+02
par[1]:	 5.33862366e+02
par[2]:	 2.80433169e+02
par[3]:	 7.72413583e-01
