name:	hydrogen_sulfide
id:	1
text:	critical data
pc:	 8.94000000e+00
Tc:	 3.73200000e+02
vc:	 1.06695107e+02
M:    3.40760000e+01 g/mol
Ts:   2.74178842e+02 K
vs:   2.70020335e+01 cm3/mol
omg:  9.70000000e-02
