name:	hydrogen
id:	2
text:	critical data, omega: Pitzer's definition
pc:	 1.29640000e+00
Tc:	 3.31450000e+01
vc:	 6.53460571e+01
M:    2.01594000e+00 g/mol
Ts:   2.43506369e+01 K
vs:   1.65375571e+01 cm3/mol
omg: -2.18740000e-01
