name:	krypton
id:	1
text:	crit
pc:	5.520000
Tc:	209.500000
vc:	97.003482
par[0]:	8.3800000e+01
par[1]:	1.5391336e+02
par[2]:	2.4549310e+01
par[3]:	0.0000000e+00 
