name:	methylamine
id:	1
text:	crit, VLE
pc:	 7.61400000e+00
Tc:	 4.30700000e+02
vc:	 1.44578058e+02
par[0]:	 3.10571000e+01
par[1]:	 3.16422366e+02
par[2]:	 3.65893214e+01
par[3]:	 2.96879048e-01
