name:	nitrogen
id:	1
text:	crit (Xiang)
pc:	 3.32598072e+00
Tc:	 1.26303086e+02
vc:	 9.70586183e+01
M:    2.80140000e+01 g/mol
Ts:   9.27910874e+01 K
vs:   2.45632638e+01 cm3/mol
omg:  3.70000000e-02
