name:	octane
id:	1
text:	crit, omg = 0.398
pc:	 2.49000000e+00
Tc:	 5.68800000e+02
vc:	 5.83849117e+02
M:    1.14231500e+02 g/mol
Ts:   4.17880292e+02 K
vs:   1.47758542e+02 cm3/mol
omg:  3.98000000e-01
