name:	p-quinone
id:	1
text:	crit-est.
pc:	5.002000
Tc:	747.330000
vc:	381.866096
par[0]:	1.0810000e+02
par[1]:	5.4904093e+02
par[2]:	9.6641368e+01
par[3]:	4.2400000e-01 
