name:	propane
id:	2
text:	crit., acentric by Macias-Salinas
pc:	 4.24766000e+00
Tc:	 3.69825000e+02
vc:	 2.22529149e+02
M:    4.40970000e+01 g/mol
Ts:   2.71699330e+02 K
vs:   5.63169173e+01 cm3/mol
omg:  1.52400000e-01
