name:	R14
id:	1
text:	crit., VLE 145 K
pc:	 3.73890000e+00
Tc:	 2.27500000e+02
vc:	 1.55516839e+02
M:    8.79999970e+01 g/mol
Ts:   1.67137424e+02 K
vs:   3.93576709e+01 cm3/mol
omg:  1.81883863e-01
