name:	water
id:	1
text:	crit, VLE 393K
pc:	 2.67376502e+01
Tc:	 6.59755410e+02
vc:	 6.30667006e+01
par[0]:	 1.80153000e+01
par[1]:	 4.84702503e+02
par[2]:	 1.59607053e+01
par[3]:	 3.20419065e-01
