name:	carbon_dioxide
id:	1
theory:	1
quality:	r.m.s. dev.  1.9034e-02
text:	 SEQC data base
a[0]:	-2.30199348e-07
a[1]:	-2.44668293e-07
a[2]:	 0.00000000e+00
A[0]:	-5.72498507e-10
A[1]:	 0.00000000e+00
A[2]:	 0.00000000e+00
b[0]:	 5.01983836e-07
b[1]:	-4.93616528e-07
b[2]:	 7.81038296e-08
B[0]:	 8.11393088e-10
B[1]:	 0.00000000e+00
B[2]:	 0.00000000e+00
