name:	1,2-propylene_oxide
id:	10
text:	CoM, exp. data Daubert and Danner all parameters predicted
pc:	 5.48843630e+00
Tc:	 4.63166283e+02
vc:	 2.15079207e+02
par[0]:	 5.80800000e+01
par[1]:	 2.40897897e+02
par[2]:	 1.47760380e+01
par[3]:	 2.04704300e+00
par[4]:	 4.83920000e+00
par[5]:	 1.99530000e+00
par[6]:	 6.02310000e+00
