name:	1,2-butylene_oxide
id:	10
text:	CoM (gemittelt), exp. data Daubert and Danner all parameters predicted
pc:	 4.79884132e+00
Tc:	 4.98749199e+02
vc:	 2.66778089e+02
par[0]:	 7.21070000e+01
par[1]:	 2.47178576e+02
par[2]:	 1.60222870e+01
par[3]:	 2.35405200e+00
par[4]:	 5.87469000e+00
par[5]:	 1.95639000e+00
par[6]:	 7.79300000e+00
