name:	1,3-cyclohexadiene
id:	11
text:	PC-SAFT2006 mit 1-Parameter Fit
pc:	 4.83101861e+00
Tc:	 5.64634937e+02
vc:	 3.01799284e+02
par[0]:	 8.01300000e+01
par[1]:	 2.84667000e+02
par[2]:	 1.76953440e+01
par[3]:	 2.41936400e+00
par[4]:	 4.77700000e+00
par[5]:	 4.58300000e-01
par[6]:	 1.02868000e+01
