name:	1,3-butadiene
id:	13
text:	CoM; exp. Daubert & Danner; 3 parameters fitted
pc:	 4.76177822e+00
Tc:	 4.32879224e+02
vc:	 2.34838152e+02
par[0]:	 5.40920000e+01
par[1]:	 2.40077000e+02
par[2]:	 1.80572000e+01
par[3]:	 1.88014000e+00
par[4]:	 5.91990000e+00
par[5]:	 0.00000000e+00
par[6]:	 8.08000000e+00
