name:	1,3-cyclohexadiene
id:	13
text:	CoM (exp. Data: Daubert & Danner); 3 parameters fitted
pc:	 5.11766020e+00
Tc:	 5.67081257e+02
vc:	 2.86117946e+02
par[0]:	 8.01300000e+01
par[1]:	 2.85837000e+02
par[2]:	 1.68046000e+01
par[3]:	 2.41646000e+00
par[4]:	 4.77700000e+00
par[5]:	 4.58300000e-01
par[6]:	 1.02868000e+01
