name:	1,3-propylene_oxide
id:	11
text:	PC-SAFT2006 mit 1-Parameter Fit
pc:	 6.37236717e+00
Tc:	 5.30411635e+02
vc:	 2.13223475e+02
par[0]:	 5.80800000e+01
par[1]:	 2.81891000e+02
par[2]:	 1.49030050e+01
par[3]:	 2.00802600e+00
par[4]:	 4.51430000e+00
par[5]:	 2.03120000e+00
par[6]:	 5.91130000e+00
