name:	1,3-butadiene
id:	10
text:	CoM; exp. data Daubert and Danner all parameters predicted
pc:	 5.22779389e+00
Tc:	 4.56309708e+02
vc:	 2.24466022e+02
par[0]:	 5.40920000e+01
par[1]:	 2.37915189e+02
par[2]:	 1.53612520e+01
par[3]:	 2.11405200e+00
par[4]:	 5.91990000e+00
par[5]:	 0.00000000e+00
par[6]:	 8.08000000e+00
