name:	1,4-cyclohexadiene
id:	10
text:	CoM (exp. Data: Daubert und Danner) all parameters predicted
pc:	 4.68677211e+00
Tc:	 5.45228610e+02
vc:	 3.00267036e+02
par[0]:	 8.01300000e+01
par[1]:	 2.72622567e+02
par[2]:	 1.73571540e+01
par[3]:	 2.45537900e+00
par[4]:	 5.02280000e+00
par[5]:	 4.12000000e-04
par[6]:	 1.00825000e+01
