name:	1-butene
id:	11
text:	PC-SAFT2006 mit 1-Parameter Fit
pc:	 4.40598875e+00
Tc:	 4.24645031e+02
vc:	 2.49087733e+02
par[0]:	 5.61070000e+01
par[1]:	 2.17897000e+02
par[2]:	 1.50802710e+01
par[3]:	 2.34102200e+00
par[4]:	 2.97590000e+00
par[5]:	 3.60020000e-01
par[6]:	 7.72990000e+00
