name:	1-butene
id:	10
text:	CoM; exp. data Daubert and Danner all parameters predicted
pc:	 4.52943942e+00
Tc:	 4.36575874e+02
vc:	 2.49108428e+02
par[0]:	 5.61070000e+01
par[1]:	 2.24046824e+02
par[2]:	 1.50802710e+01
par[3]:	 2.34102200e+00
par[4]:	 2.97590000e+00
par[5]:	 3.60020000e-01
par[6]:	 7.72990000e+00
