name:	benzene
id:	11
text:	PC-SAFT2006 mit 1-Parameter Fit
pc:	 5.21668264e+00
Tc:	 5.64855945e+02
vc:	 2.78164378e+02
par[0]:	 7.81140000e+01
par[1]:	 2.90808000e+02
par[2]:	 1.86213910e+01
par[3]:	 2.16188100e+00
par[4]:	 7.99170000e+00
par[5]:	 0.00000000e+00
par[6]:	 1.02035000e+01
