name:	benzene
id:	10
text:	CoM, VLE (Vargaftik) all parameters predicted
pc:	 5.38679522e+00
Tc:	 5.83453100e+02
vc:	 2.78450997e+02
par[0]:	 7.81140000e+01
par[1]:	 3.01007822e+02
par[2]:	 1.86213910e+01
par[3]:	 2.16188100e+00
par[4]:	 7.99170000e+00
par[5]:	 0.00000000e+00
par[6]:	 1.02035000e+01
