name:	carbon_dioxide
id:	11
text:	PC-SAFT2006 mit 1-Parameter Fit
pc:	 7.15637183e+00
Tc:	 3.06080873e+02
vc:	 1.11191541e+02
par[0]:	 4.41100000e+01
par[1]:	 1.98281100e+02
par[2]:	 1.53913530e+01
par[3]:	 1.09421200e+00
par[4]:	 4.31910000e+00
par[5]:	 0.00000000e+00
par[6]:	 2.55820000e+00
