name:	cyclopropane
id:	11
text:	PC-SAFT2006 mit 1-Parameter Fit
pc:	 5.24896757e+00
Tc:	 3.96287724e+02
vc:	 1.96160239e+02
par[0]:	 4.20810000e+01
par[1]:	 2.24012300e+02
par[2]:	 1.44934420e+01
par[3]:	 1.91862900e+00
par[4]:	 2.36930000e+00
par[5]:	 5.00000000e-04
par[6]:	 5.37500000e+00
