name:	cyclohexene
id:	10
text:	(exp. Data: Daubert und Danner) all parameters predicted
pc:	 4.48991350e+00
Tc:	 5.62756732e+02
vc:	 3.23395879e+02
par[0]:	 8.21450000e+01
par[1]:	 2.78767070e+02
par[2]:	 1.80155600e+01
par[3]:	 2.53657700e+00
par[4]:	 2.08740000e+00
par[5]:	 3.44100000e-01
par[6]:	 1.03089000e+01
