name:	cyclohexanone
id:	10
text:	CoM (exp. Data: Daubert und Danner) all parameters predicted
pc:	 5.02187214e+00
Tc:	 6.65027472e+02
vc:	 3.33520917e+02
par[0]:	 9.81450000e+01
par[1]:	 3.05681733e+02
par[2]:	 1.84623380e+01
par[3]:	 2.53214100e+00
par[4]:	 1.00570000e+01
par[5]:	 3.21640000e+00
par[6]:	 1.06803000e+01
