name:	cyclohexane
id:	10
text:	CoM,(gemittelt); exp data Daubert et al.1997 all parameters predicted
pc:	 4.25677181e+00
Tc:	 5.66415403e+02
vc:	 3.43024314e+02
par[0]:	 8.41610000e+01
par[1]:	 2.75250989e+02
par[2]:	 1.82950900e+01
par[3]:	 2.64606200e+00
par[4]:	 7.28560000e-01
par[5]:	 0.00000000e+00
par[6]:	 1.04848000e+01
