name:	dimethyl_carbonate
id:	10
text:	(dimethylcarbonate); CoM, data of Daubert & Danner all parameters predicted
pc:	 4.75486946e+00
Tc:	 5.71219980e+02
vc:	 2.09836204e+02
par[0]:	 9.00790000e+01
par[1]:	 2.50666519e+02
par[2]:	 2.11148570e+01
par[3]:	 1.88514900e+00
par[4]:	 1.47430000e+01
par[5]:	 3.18410000e-01
par[6]:	 7.47300000e+00
