name:	dimethyl_carbonate
id:	11
text:	PC-SAFT2006 mit 1-Parameter Fit
pc:	 4.65730674e+00
Tc:	 5.29597560e+02
vc:	 2.94615508e+02
par[0]:	 9.00790000e+01
par[1]:	 2.18342600e+02
par[2]:	 2.11148570e+01
par[3]:	 1.88514900e+00
par[4]:	 1.47430000e+01
par[5]:	 3.18410000e-01
par[6]:	 7.47300000e+00
