name:	dimethylpropane
id:	10
text:	CoM, Data Daubert und Danner all parameters predicted
pc:	 4.13125859e+00
Tc:	 5.12670870e+02
vc:	 3.19911160e+02
par[0]:	 7.21510000e+01
par[1]:	 2.49171090e+02
par[2]:	 1.70680920e+01
par[3]:	 2.64519700e+00
par[4]:	 0.00000000e+00
par[5]:	 0.00000000e+00
par[6]:	 9.62160000e+00
