name:	dimethyl_ether
id:	11
text:	PC-SAFT2006 mit 1-Parameter Fit
pc:	 5.50787168e+00
Tc:	 4.07532849e+02
vc:	 1.91459900e+02
par[0]:	 4.60690000e+01
par[1]:	 2.23714100e+02
par[2]:	 1.38925420e+01
par[3]:	 1.95185800e+00
par[4]:	 3.52260000e+00
par[5]:	 1.31460000e+00
par[6]:	 4.95130000e+00
