name:	divinyl_ether
id:	11
text:	PC-SAFT2006 mit 1-Parameter Fit
pc:	 4.90876929e+00
Tc:	 4.76382983e+02
vc:	 2.49123908e+02
par[0]:	 7.00910000e+01
par[1]:	 2.36366000e+02
par[2]:	 1.53783710e+01
par[3]:	 2.33062800e+00
par[4]:	 6.54980000e+00
par[5]:	 1.20490000e+00
par[6]:	 8.91210000e+00
