name:	ethane
id:	13
text:	CoM, VLE (NIST); 3 parameters fitted
pc:	 5.13027530e+00
Tc:	 3.08641831e+02
vc:	 1.57309095e+02
par[0]:	 3.00700000e+01
par[1]:	 1.90938000e+02
par[2]:	 1.37935000e+01
par[3]:	 1.61146000e+00
par[4]:	 7.50900000e-01
par[5]:	 0.00000000e+00
par[6]:	 4.20750000e+00
