name:	ethane
id:	11
text:	PC-SAFT2006 mit 1-Parameter Fit
pc:	 4.69259656e+00
Tc:	 3.02413577e+02
vc:	 1.67689245e+02
par[0]:	 3.00700000e+01
par[1]:	 1.74598500e+02
par[2]:	 1.28395460e+01
par[3]:	 1.84727100e+00
par[4]:	 7.50900000e-01
par[5]:	 0.00000000e+00
par[6]:	 4.20750000e+00
