name:	ethene
id:	11
text:	PC-SAFT2006 mit 1-Parameter Fit
pc:	 5.24523699e+00
Tc:	 2.81982520e+02
vc:	 1.40184795e+02
par[0]:	 2.80540000e+01
par[1]:	 1.74110500e+02
par[2]:	 1.33531450e+01
par[3]:	 1.52100400e+00
par[4]:	 3.34870000e+00
par[5]:	 0.00000000e+00
par[6]:	 4.00710000e+00
