name:	acetic_acid_ethylester
id:	10
text:	data of Daubert & Danner all parameters predicted
pc:	 4.56987574e+00
Tc:	 5.35037242e+02
vc:	 2.91471377e+02
par[0]:	 8.81060000e+01
par[1]:	 2.44284045e+02
par[2]:	 1.73632680e+01
par[3]:	 2.43963300e+00
par[4]:	 1.04554000e+01
par[5]:	 1.93170000e+00
par[6]:	 8.65650000e+00
