name:	ethylene_oxide
id:	13
text:	COM data Daubert & Danner; 3 parameters fitted
pc:	 8.09110545e+00
Tc:	 4.76682045e+02
vc:	 1.48277761e+02
par[0]:	 4.40530000e+01
par[1]:	 2.51946000e+02
par[2]:	 1.11071000e+01
par[3]:	 1.87342000e+00
par[4]:	 3.91880000e+00
par[5]:	 1.91220000e+00
par[6]:	 4.20810000e+00
