name:	ethylene_oxide
id:	10
text:	COM data Daubert und Danner all parameters predicted
pc:	 6.88418859e+00
Tc:	 4.29294582e+02
vc:	 1.58118776e+02
par[0]:	 4.40530000e+01
par[1]:	 2.39100111e+02
par[2]:	 1.33940180e+01
par[3]:	 1.66561700e+00
par[4]:	 3.91880000e+00
par[5]:	 1.91220000e+00
par[6]:	 4.20810000e+00
