name:	ethylbenzene
id:	10
text:	CoM; Data of Daubert, Danner all parameters predicted
pc:	 4.43837448e+00
Tc:	 6.39805066e+02
vc:	 3.70816390e+02
par[0]:	 1.06170000e+02
par[1]:	 2.98054352e+02
par[2]:	 1.85338170e+01
par[3]:	 2.83323900e+00
par[4]:	 7.80080000e+00
par[5]:	 3.75410000e-01
par[6]:	 1.40358000e+01
