name:	heptane
id:	10
text:	CoM; exp. data Daubert and Danner all parameters predicted
pc:	 3.44033685e+00
Tc:	 5.43891682e+02
vc:	 4.05709936e+02
par[0]:	 1.00200000e+02
par[1]:	 2.40789736e+02
par[2]:	 1.73220330e+01
par[3]:	 3.27152700e+00
par[4]:	 3.84530000e+00
par[5]:	 1.11100000e-01
par[6]:	 1.28928000e+01
