name:	heptane
id:	13
text:	CoM; exp. Daubert & Danner; 3 parameters fitted
pc:	 3.27322994e+00
Tc:	 5.53194613e+02
vc:	 4.33186132e+02
par[0]:	 1.00200000e+02
par[1]:	 2.40099000e+02
par[2]:	 1.75535000e+01
par[3]:	 3.43427000e+00
par[4]:	 3.84530000e+00
par[5]:	 1.11100000e-01
par[6]:	 1.28928000e+01
