name:	n-hexane
id:	10
text:	CoM, exp. data Daubert and Danner all parameters predicted
pc:	 3.63855311e+00
Tc:	 5.14870543e+02
vc:	 3.63633988e+02
par[0]:	 8.61770000e+01
par[1]:	 2.33938485e+02
par[2]:	 1.65429160e+01
par[3]:	 3.08113300e+00
par[4]:	 2.10890000e+00
par[5]:	 0.00000000e+00
par[6]:	 1.14819000e+01
