name:	methane
id:	10
text:	VLE (IUPAC, Wagner et al.) all parameters predicted
pc:	 5.21571256e+00
Tc:	 2.18346434e+02
vc:	 1.10057496e+02
par[0]:	 1.60430000e+01
par[1]:	 1.45579079e+02
par[2]:	 1.11957560e+01
par[3]:	 1.39172900e+00
par[4]:	 0.00000000e+00
par[5]:	 0.00000000e+00
par[6]:	 2.44890000e+00
