name:	methyl_propene_ester
id:	10
text:	CoM (gemittelt) data of Daubert & Danner all parameters predicted
pc:	 5.26481101e+00
Tc:	 6.97357579e+02
vc:	 3.12790066e+02
par[0]:	 8.60900000e+01
par[1]:	 2.93602138e+02
par[2]:	 1.61300520e+01
par[3]:	 2.60456300e+00
par[4]:	 1.00273000e+01
par[5]:	 4.28757000e+00
par[6]:	 1.02697000e+01
