name:	methyl-phenyl_ketone
id:	11
text:	PC-SAFT2006 mit 1-Parameter Fit
pc:	 5.07949231e+00
Tc:	 7.37897772e+02
vc:	 3.69373929e+02
par[0]:	 1.20150000e+02
par[1]:	 3.33897100e+02
par[2]:	 1.91585110e+01
par[3]:	 2.72857100e+00
par[4]:	 1.17470000e+01
par[5]:	 2.93330000e+00
par[6]:	 1.43968000e+01
