name:	methyl_propyl_ether
id:	11
text:	PC-SAFT2006 mit 1-Parameter Fit
pc:	 4.29151931e+00
Tc:	 4.88715203e+02
vc:	 2.93501891e+02
par[0]:	 7.41230000e+01
par[1]:	 2.36197700e+02
par[2]:	 1.56165770e+01
par[3]:	 2.65260300e+00
par[4]:	 3.74956000e+00
par[5]:	 1.17469000e+00
par[6]:	 8.55020000e+00
