name:	methyl-phenyl_ketone
id:	13
text:	CoM (exp. Daubert und Danner); 3 parameters fitted
pc:	 4.74428891e+00
Tc:	 7.30744703e+02
vc:	 3.92368124e+02
par[0]:	 1.20150000e+02
par[1]:	 3.25774000e+02
par[2]:	 1.92429000e+01
par[3]:	 2.87478000e+00
par[4]:	 1.17470000e+01
par[5]:	 2.93330000e+00
par[6]:	 1.43968000e+01
