name:	methyl-tert-butyl_ether
id:	11
text:	PC-SAFT2006 mit 1-Parameter Fit
pc:	 3.80611511e+00
Tc:	 5.06856244e+02
vc:	 3.42996251e+02
par[0]:	 8.81500000e+01
par[1]:	 2.41544900e+02
par[2]:	 1.76167840e+01
par[3]:	 2.74331700e+00
par[4]:	 3.86140000e+00
par[5]:	 1.27800000e+00
par[6]:	 1.02098000e+01
