name:	methyl_acetoacetate
id:	13
text:	CoM (gemittelt), (exp.: Daubert & Danner); 3 parameters fitted
pc:	 4.30073612e+00
Tc:	 6.55978401e+02
vc:	 3.51343529e+02
par[0]:	 1.16120000e+02
par[1]:	 2.77560000e+02
par[2]:	 2.15153000e+01
par[3]:	 2.40612000e+00
par[4]:	 1.64529000e+01
par[5]:	 2.77052000e+00
par[6]:	 1.06040000e+01
