name:	methylpropene
id:	10
text:	CoM; exp. 2-methylpropene data Daubert and Danner all parameters predicted
pc:	 4.56464575e+00
Tc:	 4.39645728e+02
vc:	 2.48964394e+02
par[0]:	 5.61070000e+01
par[1]:	 2.26266070e+02
par[2]:	 1.50989400e+01
par[3]:	 2.33415300e+00
par[4]:	 2.19780000e+00
par[5]:	 4.85600000e-01
par[6]:	 7.69830000e+00
