name:	methyl_phenyl_ether
id:	11
text:	PC-SAFT2006 mit 1-Parameter Fit
pc:	 4.92169294e+00
Tc:	 6.66048677e+02
vc:	 3.46149684e+02
par[0]:	 1.08140000e+02
par[1]:	 3.13045400e+02
par[2]:	 1.91562300e+01
par[3]:	 2.59718300e+00
par[4]:	 1.06760000e+01
par[5]:	 1.31480000e+00
par[6]:	 1.30396000e+01
