name:	acetic_acid_methylester
id:	10
text:	CoM, data of Daubert & Danner all parameters predicted
pc:	 5.18870110e+00
Tc:	 5.06141368e+02
vc:	 2.35396931e+02
par[0]:	 7.40790000e+01
par[1]:	 2.41566871e+02
par[2]:	 1.71178000e+01
par[3]:	 2.05208800e+00
par[4]:	 9.57460000e+00
par[5]:	 1.79230000e+00
par[6]:	 6.81530000e+00
