name:	methyl_isopropyl_ether
id:	10
text:	CoM, data of Daubert & Danner all parameters predicted
pc:	 4.11389165e+00
Tc:	 4.68601754e+02
vc:	 2.93722932e+02
par[0]:	 7.41230000e+01
par[1]:	 2.29501911e+02
par[2]:	 1.61152760e+01
par[3]:	 2.57250000e+00
par[4]:	 3.56190000e+00
par[5]:	 1.27700000e+00
par[6]:	 8.52170000e+00
