name:	methyl_propionate
id:	10
text:	CoM (gemittelt), data of Daubert & Danner all parameters predicted
pc:	 4.44985807e+00
Tc:	 5.18656090e+02
vc:	 2.93601210e+02
par[0]:	 8.81060000e+01
par[1]:	 2.40513916e+02
par[2]:	 1.72687820e+01
par[3]:	 2.46397300e+00
par[4]:	 9.72175000e+00
par[5]:	 1.72615000e+00
par[6]:	 8.57480000e+00
