name:	naphtalene
id:	11
text:	PC-SAFT2006 mit 1-Parameter Fit
pc:	 4.89751316e+00
Tc:	 7.63983805e+02
vc:	 3.99291803e+02
par[0]:	 7.21510000e+01
par[1]:	 3.54231700e+02
par[2]:	 2.11480580e+01
par[3]:	 2.70616200e+00
par[4]:	 1.25090000e+01
par[5]:	 0.00000000e+00
par[6]:	 1.76546000e+01
