name:	o-xylene
id:	11
text:	PC-SAFT2006 mit 1-Parameter Fit
pc:	 4.50380447e+00
Tc:	 6.52945031e+02
vc:	 3.73330986e+02
par[0]:	 1.06170000e+02
par[1]:	 3.09664100e+02
par[2]:	 1.92063930e+01
par[3]:	 2.75015900e+00
par[4]:	 6.89690000e+00
par[5]:	 6.43300000e-01
par[6]:	 1.40414000e+01
