name:	octane
id:	11
text:	PC-SAFT2006 mit 1-Parameter Fit
pc:	 3.30614094e+00
Tc:	 5.89687048e+02
vc:	 4.56204976e+02
par[0]:	 1.14230000e+02
par[1]:	 2.48624000e+02
par[2]:	 1.70646840e+01
par[3]:	 3.69627300e+00
par[4]:	 2.84380000e+00
par[5]:	 2.45000000e-04
par[6]:	 1.51948000e+01
