name:	octane
id:	10
text:	CoM, exp. data: Daubert, Danner all parameters predicted
pc:	 3.13708194e+00
Tc:	 5.59529137e+02
vc:	 4.56201719e+02
par[0]:	 1.14230000e+02
par[1]:	 2.35905246e+02
par[2]:	 1.70646840e+01
par[3]:	 3.69627300e+00
par[4]:	 2.84380000e+00
par[5]:	 2.45000000e-04
par[6]:	 1.51948000e+01
