name:	p-xylene
id:	11
text:	PC-SAFT2006 mit 1-Parameter Fit
pc:	 4.43776826e+00
Tc:	 6.40576358e+02
vc:	 3.71466026e+02
par[0]:	 1.06170000e+02
par[1]:	 2.99985100e+02
par[2]:	 1.86615880e+01
par[3]:	 2.81629300e+00
par[4]:	 7.30400000e+00
par[5]:	 3.40200000e-03
par[6]:	 1.41659000e+01
