name:	dimethyl_ketone
id:	13
text:	CoM, (exp. Daubert & Danner); 3 parameters fitted
pc:	 5.54370280e+00
Tc:	 5.20361130e+02
vc:	 2.29911870e+02
par[0]:	 5.80800000e+01
par[1]:	 2.36962000e+02
par[2]:	 1.22789000e+01
par[3]:	 2.52783000e+00
par[4]:	 4.52520000e+00
par[5]:	 2.91180000e+00
par[6]:	 6.18360000e+00
