name:	propane
id:	13
text:	CoM; exp. Daubert et al 1997; 3 parameters fitted
pc:	 4.60324428e+00
Tc:	 3.75327841e+02
vc:	 2.11664398e+02
par[0]:	 4.40970000e+01
par[1]:	 2.08925000e+02
par[2]:	 1.50676000e+01
par[3]:	 1.98811000e+00
par[4]:	 7.89170000e-01
par[5]:	 8.98000000e-02
par[6]:	 6.00310000e+00
