name:	propane
id:	10
text:	CoM; exp data Daubert et al 1997 all parameters predicted
pc:	 4.46399291e+00
Tc:	 3.79827645e+02
vc:	 2.20293416e+02
par[0]:	 4.40970000e+01
par[1]:	 2.01775948e+02
par[2]:	 1.42539760e+01
par[3]:	 2.18782700e+00
par[4]:	 7.89170000e-01
par[5]:	 8.98000000e-02
par[6]:	 6.00310000e+00
