name:	dimethyl_ketone
id:	11
text:	PC-SAFT2006 mit 1-Parameter Fit
pc:	 5.93013439e+00
Tc:	 5.27219535e+02
vc:	 2.14757664e+02
par[0]:	 5.80800000e+01
par[1]:	 2.47088100e+02
par[2]:	 1.26448620e+01
par[3]:	 2.29798500e+00
par[4]:	 4.52520000e+00
par[5]:	 2.91180000e+00
par[6]:	 6.18360000e+00
