name:	propyne
id:	11
text:	PC-SAFT2006 mit 1-Parameter Fit
pc:	 6.29660616e+00
Tc:	 4.12895611e+02
vc:	 1.68375282e+02
par[0]:	 4.00650000e+01
par[1]:	 2.32089000e+02
par[2]:	 1.42784600e+01
par[3]:	 1.73021100e+00
par[4]:	 5.42630000e+00
par[5]:	 7.28300000e-01
par[6]:	 5.21040000e+00
