name:	propene
id:	11
text:	PC-SAFT2006 mit 1-Parameter Fit
pc:	 4.79600396e+00
Tc:	 3.66550266e+02
vc:	 1.98270044e+02
par[0]:	 4.20810000e+01
par[1]:	 2.02546100e+02
par[2]:	 1.40908890e+01
par[3]:	 1.99879800e+00
par[4]:	 2.72700000e+00
par[5]:	 3.40220000e-01
par[6]:	 5.83450000e+00
