name:	tetrahydrofuran
id:	13
text:	CoM, (exp. Daubert & Danner); 3 parameters fitted
pc:	 5.81261566e+00
Tc:	 5.49255021e+02
vc:	 2.43224708e+02
par[0]:	 7.21070000e+01
par[1]:	 2.75582000e+02
par[2]:	 1.46495000e+01
par[3]:	 2.34427000e+00
par[4]:	 5.01170000e+00
par[5]:	 1.83720000e+00
par[6]:	 7.61890000e+00
