name:	tetrahydrofuran
id:	11
text:	PC-SAFT2006 mit 1-Parameter Fit
pc:	 5.31691127e+00
Tc:	 5.47333068e+02
vc:	 2.65415431e+02
par[0]:	 7.21070000e+01
par[1]:	 2.79911000e+02
par[2]:	 1.65019030e+01
par[3]:	 2.27134600e+00
par[4]:	 5.01170000e+00
par[5]:	 1.83720000e+00
par[6]:	 7.61890000e+00
