name:	toluene
id:	13
text:	CoM; Data of Daubert & Danner; 3 parameters fitted
pc:	 4.77946439e+00
Tc:	 6.07043699e+02
vc:	 3.27358812e+02
par[0]:	 9.21410000e+01
par[1]:	 3.00190000e+02
par[2]:	 1.89951000e+01
par[3]:	 2.45968000e+00
par[4]:	 7.48120000e+00
par[5]:	 3.74130000e-01
par[6]:	 1.21665000e+01
