name:	toluene
id:	10
text:	CoM; Data of Daubert, Danner all parameters predicted
pc:	 4.85485510e+00
Tc:	 6.13935993e+02
vc:	 3.25804387e+02
par[0]:	 9.21410000e+01
par[1]:	 3.00468998e+02
par[2]:	 1.84684660e+01
par[3]:	 2.51585400e+00
par[4]:	 7.48120000e+00
par[5]:	 3.74130000e-01
par[6]:	 1.21665000e+01
