name:	trans-2-butene
id:	11
text:	PC-SAFT2006 mit 1-Parameter Fit
pc:	 4.53660147e+00
Tc:	 4.36456161e+02
vc:	 2.48547327e+02
par[0]:	 5.61070000e+01
par[1]:	 2.22077400e+02
par[2]:	 1.47306860e+01
par[3]:	 2.38894300e+00
par[4]:	 2.56410000e+00
par[5]:	 1.00000000e-04
par[6]:	 7.74080000e+00
