name:	trioxane
id:	13
text:	CoM, data of Daubert & Danner; 3 parameters fitted
pc:	 6.86851293e+00
Tc:	 6.16720172e+02
vc:	 2.30273816e+02
par[0]:	 9.00790000e+01
par[1]:	 2.73745000e+02
par[2]:	 1.04394000e+01
par[3]:	 3.11310000e+00
par[4]:	 5.86460000e+00
par[5]:	 7.87620000e-01
par[6]:	 7.12400000e+00
