name:	vinylbenzene
id:	13
text:	CoM; (exp. Daubert & Danner); 3 parameters fitted
pc:	 4.56203726e+00
Tc:	 6.53606546e+02
vc:	 3.67653242e+02
par[0]:	 1.04150000e+02
par[1]:	 3.15519000e+02
par[2]:	 2.11550000e+01
par[3]:	 2.49793000e+00
par[4]:	 1.04780000e+01
par[5]:	 1.49400000e-01
par[6]:	 1.45173000e+01
