name:	vinyl_ethanoate
id:	10
text:	CoM, data of Daubert & Danner all parameters predicted
pc:	 4.88382741e+00
Tc:	 5.29063609e+02
vc:	 2.71987566e+02
par[0]:	 8.60900000e+01
par[1]:	 2.49596217e+02
par[2]:	 1.69260860e+01
par[3]:	 2.34047200e+00
par[4]:	 9.45945000e+00
par[5]:	 1.70917000e+00
par[6]:	 8.80170000e+00
