name:	vinylbenzene
id:	11
text:	PC-SAFT2006 mit 1-Parameter Fit
pc:	 4.75833799e+00
Tc:	 6.51530062e+02
vc:	 3.50513567e+02
par[0]:	 1.04150000e+02
par[1]:	 3.06234300e+02
par[2]:	 1.92352200e+01
par[3]:	 2.61805300e+00
par[4]:	 1.04780000e+01
par[5]:	 1.49400000e-01
par[6]:	 1.45173000e+01
