name:	vinyl_ethanoate
id:	13
text:	CoM, data of Daubert & Danner; 3 parameters fitted
pc:	 4.83264742e+00
Tc:	 5.35525129e+02
vc:	 2.79436957e+02
par[0]:	 8.60900000e+01
par[1]:	 2.54110000e+02
par[2]:	 1.72926000e+01
par[3]:	 2.34868000e+00
par[4]:	 9.45945000e+00
par[5]:	 1.70917000e+00
par[6]:	 8.80170000e+00
