name:	ethane
id:	1
text:	Geana & Feroiu
pc:	 1.88561435e+01
Tc:	 3.05300000e+02
vc:	 1.47060000e+02
M:    3.00000000e+01 g/mol
Ts:   3.05300000e+02 K
vs:   1.47060000e+02 cm3/mol
ps:   4.87100000e+00 MPa
ac:   6.37740000e+00
m:    2.59600000e-01
