name:	nitrogen
id:	1
text:	Geana & Feroiu
pc:	 1.29351935e+01
Tc:	 1.26200000e+02
vc:	 8.92100000e+01
M:    2.80000000e+01 g/mol
Ts:   1.26200000e+02 K
vs:   8.92100000e+01 cm3/mol
ps:   3.40000000e+00 MPa
ac:   6.11450000e+00
m:    1.94400000e-01
