name:	2-methylpropane
id:	1
text:	crit
pc:	3.652385
Tc:	407.709424
vc:	321.770366
par[0]:	5.8120000e+01
par[1]:	5.1977054e+02
par[2]:	3.9633738e+01
par[3]:	2.0175692e+00 
