name:	caffeine
id:	2
text:	trp, Randzio
pc:	 5.00000000e+00
Tc:	 8.00000000e+02
vc:	 6.00000000e+02
par[0]:	 1.94190000e+02
par[1]:	 2.11463857e+03
par[2]:	 6.37815955e+01
par[3]:	 4.77994616e+00
