name:	carbon_dioxide
id:	1
text:	crit, VLE
pc:	 7.38278724e+00
Tc:	 3.04210410e+02
vc:	 1.18699814e+02
par[0]:	 4.40000000e+01
par[1]:	 4.08654574e+02
par[2]:	 1.42269907e+01
par[3]:	 2.17215980e+00
