name:	nonane
id:	1
text:	crit, VLE 416
pc:	 2.28190453e+00
Tc:	 5.94557141e+02
vc:	 7.47490064e+02
M:   1.28255100e+02 g/mol
Ts:  1.09707742e+03 K
vs:  7.59152259e+01 cm3/mol
c:   3.34997458e+00
