name:	tetracosane
id:	2
text:	VLE 320-500 K
pc:	 0.5
Tc:	 800
vc:	 1000
par[0]:	 3.38663000e+02
par[1]:	 2.26450605e+03
par[2]:	 2.28534885e+02
par[3]:	 5.55218039e+00
