name:	heptane
id:	1
text:	crit, VLE
pc:	 2.73652100e+00
Tc:	 5.40135954e+02
vc:	 5.00055188e+02
M:    1.00204000e+02 g/mol
Ts:   5.39079320e+02 K
vs:   1.26182885e+02 cm3/mol
C:    1.11702384e+00
F:    8.67033317e-01
