name:	hexane
id:	1
text:	crit, VLE
pc:	 3.03532163e+00
Tc:	 5.07815504e+02
vc:	 4.30668345e+02
M:    8.61770000e+01 g/mol
Ts:   4.89933134e+02 K
vs:   1.09250265e+02 cm3/mol
C:    9.06387767e-01
F:    8.23831882e-01
