name:	nitrogen
id:	1
text:	crit, VLE
pc:	 3.39341893e+00
Tc:	 1.26198174e+02
vc:	 1.02008335e+02
M:    2.80134800e+01 g/mol
Ts:   1.06156726e+02 K
vs:   2.64243595e+01 cm3/mol
C:    1.20444567e-01
F:    5.19934605e-01
