name:	1-dodecanol
id:	2
text:	VLE 373 K
pc:	2.135424
Tc:	743.488780
vc:	719.271550
par[0]:	1.8633900e+02
par[1]:	1.0796805e+03
par[2]:	1.6308543e+02
par[3]:	1.3201506e+00
