name:	argon
id:	1
text:	crit -qe
pc:	4.897900
Tc:	150.860000
vc:	74.559704
par[0]:	-3.9938000e+01
par[1]:	1.0363524e+02
par[2]:	1.6644547e+01
par[3]:	1.0000000e+00
