name:	butane
id:	1
text:	crit
pc:	 3.83723880e+00
Tc:	 4.25122913e+02
vc:	 2.56518864e+02
par[0]:	 5.81200000e+01
par[1]:	 4.36583810e+02
par[2]:	 5.56376763e+01
par[3]:	 1.17963231e+00
