name:	caffeine
id:	2
text:	trp, Randzio
pc:	 3.40233292e+00
Tc:	 8.78136324e+02
vc:	 5.01569503e+02
par[0]:	 1.94190000e+02
par[1]:	 1.44214983e+03
par[2]:	 1.18001971e+02
par[3]:	 1.36730009e+00
