name:	carbon_dioxide
id:	3
text:	trp
pc:	7.504526
Tc:	305.450590
vc:	94.109140
par[0]:	-4.4010002e+01
par[1]:	3.1856685e+02
par[2]:	2.0351614e+01
par[3]:	1.1846858e+00
