name:	carbon_dioxide
id:	1
text:	crit
pc:	7.382500
Tc:	304.210000
vc:	94.440000
par[0]:	4.4010000e+01
par[1]:	3.2956119e+02
par[2]:	2.0445283e+01
par[3]:	1.2008092e+00
