name:	carbon_dioxide
id:	2
text:	crit -qe
pc:	7.382500
Tc:	304.210000
vc:	94.440000
par[0]:	-4.4010000e+01
par[1]:	3.3064769e+02
par[2]:	2.0411093e+01
par[3]:	1.2017760e+00
