name:	c-propane
id:	1
text:	crit
pc:	6.291689
Tc:	421.240250
vc:	161.956690
par[0]:	-4.2081001e+01
par[1]:	2.9798326e+02
par[2]:	3.6046006e+01
par[3]:	1.0139028e+00
