name:	decane
id:	1
text:	crit
pc:	2.103500
Tc:	617.500000
vc:	603.000000
par[0]:	-1.4228600e+02
par[1]:	9.1961677e+02
par[2]:	1.3569473e+02
par[3]:	1.3277361e+00
