name:	dinitrogen_oxide
id:	1
text:	crit
pc:	7.260000
Tc:	309.800000
vc:	97.100000
par[0]:	4.4010002e+01
par[1]:	3.4600053e+02
par[2]:	2.1026468e+01
par[3]:	1.2133520e+00
