name:	ethane
id:	2
text:	VLE
pc:	5.140054
Tc:	309.135510
vc:	144.393220
par[0]:	-3.0070002e+01
par[1]:	2.4762535e+02
par[2]:	3.1752401e+01
par[3]:	1.0709675e+00
