name:	ethanol
id:	2
text:	VLE 330-370 K
pc:	 6.60793763e+00
Tc:	 5.33638549e+02
vc:	 1.69205590e+02
par[0]:	 4.60684400e+01
par[1]:	 7.64678433e+02
par[2]:	 3.74967886e+01
par[3]:	 1.31287501e+00
