name:	ethane
id:	1
text:	crit
pc:	4.879800
Tc:	305.430000
vc:	148.000000
par[0]:	-3.0070000e+01
par[1]:	2.8650858e+02
par[2]:	3.2112262e+01
par[3]:	1.1400882e+00
