name:	hexane
id:	1
text:	crit
pc:	3.012000
Tc:	507.400000
vc:	369.800000
par[0]:	-8.6178003e+01
par[1]:	6.4442183e+02
par[2]:	8.0502693e+01
par[3]:	1.2648937e+00
