name:	hexadecane
id:	3
text:	VLE 300-400 K
pc:	2.334746
Tc:	924.703754
vc:	941.894211
par[0]:	2.2644600e+02
par[1]:	7.9114218e+02
par[2]:	2.0753612e+02
par[3]:	1.1027768e+00
