name:	krypton
id:	2
text:	VLE 120-163 K
pc:	5.527691
Tc:	208.859937
vc:	91.324782
par[0]:	8.3800000e+01
par[1]:	1.4263848e+02
par[2]:	2.0525863e+01
par[3]:	1.0000000e+00
