name:	methanol
id:	2
text:	isotrop
pc:	11.110827
Tc:	568.709930
vc:	118.115320
par[0]:	-3.2042000e+01
par[1]:	5.9883930e+02
par[2]:	2.5537792e+01
par[3]:	1.1886649e+00
