name:	naphthalene
id:	3
text:	from binary SFE
pc:	0.386985
Tc:	688.128620
vc:	437.775770
par[0]:	1.2817400e+02
par[1]:	1.0196157e+03
par[2]:	9.9752268e+01
par[3]:	1.3278211e+00
