name:	p-quinone
id:	2
text:	from mix-SGE
pc:	0.826969
Tc:	745.447150
vc:	245.230875
par[0]:	1.0810000e+02
par[1]:	8.4333844e+02
par[2]:	5.3447286e+01
par[3]:	1.2200000e+00
