name:	p-quinone
id:	1
text:	crit-est.
pc:	5.002000
Tc:	747.330000
vc:	341.871650
par[0]:	1.0810000e+02
par[1]:	8.0491745e+02
par[2]:	7.4503579e+01
par[3]:	1.2000000e+00
