name:	propane
id:	2
text:	VLE 236-363 K
pc:	4.345547
Tc:	371.274494
vc:	201.401890
par[0]:	4.4097000e+01
par[1]:	3.4243681e+02
par[2]:	4.4008689e+01
par[3]:	1.1342196e+00
