name:	quinolin
id:	1
text:	crit
pc:	5.776000
Tc:	794.500000
vc:	403.000000
par[0]:	-1.2916000e+02
par[1]:	5.3344384e+02
par[2]:	8.3753579e+01
par[3]:	9.9410399e-01
