name:	tetracosane
id:	4
text:	VLE 400-500 K
pc:	 0.00000000e+00
Tc:	-1.00000000e+00
vc:	 0.00000000e+00
par[0]:	 3.38661000e+02
par[1]:	 1.28468000e+03
par[2]:	 3.14249000e+02
par[3]:	 1.31638000e+00
