name:	toluene
id:	2
text:	VLE 190 K
pc:	4.251611
Tc:	583.884262
vc:	314.196970
par[0]:	9.2140800e+01
par[1]:	6.2871544e+02
par[2]:	6.8503721e+01
par[3]:	1.2000000e+00
