name:	water
id:	2
text:	VLE 313 K
pc:	18.627354
Tc:	563.470470
vc:	59.044870
par[0]:	1.8015201e+01
par[1]:	9.3211542e+02
par[2]:	1.3616924e+01
par[3]:	1.3662686e+00
