name:	xenon
id:	1
text:	crit
pc:	5.840400
Tc:	289.740000
vc:	120.089720
par[0]:	-1.3130000e+02
par[1]:	1.9904065e+02
par[2]:	2.6808571e+01
par[3]:	1.0000000e+00
