name:	1,3-butadiene
id:	1
text:	crit
pc:	4.277000
Tc:	425.170000
vc:	220.400000
par[0]:	5.4092000e+01
par[1]:	5.1757790e+02
par[2]:	4.8168697e+01
par[3]:	1.2494136e+00
