name:	1-hexene
id:	1
text:	VLE 300 K
pc:	3.236072
Tc:	503.890990
vc:	353.106152
par[0]:	-8.4000000e+01
par[1]:	5.7257917e+02
par[2]:	7.6342444e+01
par[3]:	1.2200000e+00
