name:	adamantane
id:	1
text:	sublimation
pc:	5.078900
Tc:	918.000000
vc:	437.535210
par[0]:	-1.3019000e+02
par[1]:	6.1000000e+02
par[2]:	9.7674414e+01
par[3]:	1.0000000e+00
