name:	adamantane_D1
id:	1
text:	from binary SFE
pc:	0.425607
Tc:	389.907304
vc:	266.202191
par[0]:	1.3019000e+02
par[1]:	2.6581105e+02
par[2]:	5.9947914e+01
par[3]:	1.0000000e+00
