name:	carbon_monoxide
id:	1
text:	crit
pc:	3.499000
Tc:	132.950000
vc:	92.038190
par[0]:	2.8011000e+01
par[1]:	9.1549330e+01
par[2]:	2.0488879e+01
par[3]:	1.0000000e+00
