name:	fluorine
id:	1
text:	crit
pc:	 5.17240000e+00
Tc:	 1.44121000e+02
vc:	 6.65468841e+01
par[0]:	 3.79968100e+01
par[1]:	 1.23849969e+02
par[2]:	 1.44524883e+01
par[3]:	 1.10080600e+00
