name:	hexadecane
id:	4
text:	VLE 300-400 K
pc:	3.002901
Tc:	1035.156448
vc:	833.199001
par[0]:	2.2644600e+02
par[1]:	7.0691489e+02
par[2]:	1.8725845e+02
par[3]:	1.0000000e+00
