name:	m-cresol
id:	1
text:	crit
pc:	4.560000
Tc:	705.850000
vc:	312.543000
par[0]:	-1.0800000e+02
par[1]:	1.0864940e+03
par[2]:	7.1152523e+01
par[3]:	1.3406327e+00
