name:	naphthalene
id:	2
text:	VLE
pc:	3.971830
Tc:	710.612330
vc:	397.084990
par[0]:	-1.2817400e+02
par[1]:	8.7225304e+02
par[2]:	8.6167436e+01
par[3]:	1.2512348e+00
