name:	neon
id:	1
text:	crit
pc:	2.654000
Tc:	44.400000
vc:	40.856736
par[0]:	2.0183000e+01
par[1]:	3.1347079e+01
par[2]:	8.8124059e+00
par[3]:	1.0000000e+00
