name:	nonane
id:	1
text:	crit, VLE 416
pc:	 2.28807711e+00
Tc:	 5.94594091e+02
vc:	 5.47484815e+02
M:   1.28255100e+02 g/mol
Ts:  8.33103698e+02 K
vs:  1.21869678e+02 cm3/mol
c:   1.30554358e+00
