name:	R23
id:	1
text:	crit
pc:	5.557055
Tc:	309.886710
vc:	130.820950
par[0]:	-7.0010005e+01
par[1]:	2.9852164e+02
par[2]:	2.8378156e+01
par[3]:	1.1513368e+00
