name:	sulphur_hexafluoride
id:	1
text:	crit
pc:	3.755120
Tc:	318.736000
vc:	196.369000
par[0]:	1.4605040e+02
par[1]:	3.2313775e+02
par[2]:	4.3001105e+01
par[3]:	1.1759338e+00
