name:	tetralin
id:	1
text:	crit
pc:	3.349000
Tc:	716.500000
vc:	438.000000
par[0]:	-1.3200000e+02
par[1]:	1.0741059e+03
par[2]:	9.8778481e+01
par[3]:	1.3303108e+00
