name:	tetracosane
id:	1
text:	VLE 400-500 K
pc:	1.334097
Tc:	893.313021
vc:	1389.505109
par[0]:	3.3866100e+02
par[1]:	1.2846845e+03
par[2]:	3.1424910e+02
par[3]:	1.3163849e+00
