name1:	 argon
id1:	 4
name2:	 carbon_dioxide
id2:	 4
id:	 1
text:	 fixed: GERG-2004
betaV:	 1.008392428
gammaV:	 1.029205465
betaT:	 0.996512863
gammaT:	 1.050971635
F:	 0.0
0
