name1:	 argon
id1:	 4
name2:	 methane
id2:	 4
id:	 1
text:	 fixed: GERG-2004
betaV:	 1.034630259
gammaV:	 1.014678542
betaT:	 0.990954281
gammaT:	 0.989843388
F:	 0.0
0
