name1:	 carbon_dioxide
id1:	 4
name2:	 water
id2:	 4
id:	 1
text:	 fixed: GERG-2004
betaV:	 0.949055959
gammaV:	 1.542328793
betaT:	 0.997372205
gammaT:	 0.775453996
F:	 0.0
0
