name1:	 carbon_dioxide
id1:	 4
name2:	 ethane
id2:	 4
id:	 1
text:	 fixed: GERG-2004
betaV:	 1.002525718
gammaV:	 1.032876701
betaT:	 1.013871147
gammaT:	 0.900949530
F:	 0.0
0
