name1:	 carbon_dioxide
id1:	 4
name2:	 propane
id2:	 4
id:	 1
text:	 fixed: GERG-2004
betaV:	 0.996898004
gammaV:	 1.047596298
betaT:	 1.033620538
gammaT:	 0.908772477
F:	 0.0
0
