name1:	 carbon_monoxide
id1:	 4
name2:	 butane
id2:	 4
id:	 1
text:	 fixed: GERG-2004
betaV:	 1.000000000
gammaV:	 1.084740904
betaT:	 1.000000000
gammaT:	 1.174055065
F:	 0.0
0
