name1:	 carbon_dioxide
id1:	 4
name2:	 butane
id2:	 4
id:	 1
text:	 fixed: GERG-2004
betaV:	 1.174760923
gammaV:	 1.222437324
betaT:	 1.018171004
gammaT:	 0.911498231
F:	 0.0
0
