name1:	 carbon_dioxide
id1:	 4
name2:	 hexane
id2:	 4
id:	 1
text:	 fixed: GERG-2004
betaV:	 1.000000000
gammaV:	 0.851343711
betaT:	 1.000000000
gammaT:	 1.038675574
F:	 0.0
0
