name1:	 carbon_dioxide
id1:	 4
name2:	 pentane
id2:	 4
id:	 1
text:	 fixed: GERG-2004
betaV:	 1.024311498
gammaV:	 1.068406078
betaT:	 1.027000795
gammaT:	 0.979217302
F:	 0.0
0
