name1:	 carbon_dioxide
id1:	 4
name2:	 methylbutane
id2:	 4
id:	 1
text:	 fixed: GERG-2004
betaV:	 1.060793104
gammaV:	 1.116793198
betaT:	 1.019180957
gammaT:	 0.961218039
F:	 0.0
0
