name1:	 carbon_dioxide
id1:	 4
name2:	 nonane
id2:	 4
id:	 1
text:	 fixed: GERG-2008
betaV:	 1.000000000
gammaV:	 0.973386152
betaT:	 1.007688620
gammaT:	 1.140671202
F:	 0.0
0
