name1:	 carbon_monoxide
id1:	 4
name2:	 decane
id2:	 4
id:	 1
text:	 fixed: GERG-2008
betaV:	 1.000000000
gammaV:	 0.870184960
betaT:	 1.049594632
gammaT:	 1.803567587
F:	 0.0
0
