name1:	 carbon_monoxide
id1:	 4
name2:	 methylpropane
id2:	 4
id:	 1
text:	 fixed: GERG-2004
betaV:	 1.000000000
gammaV:	 1.087272232
betaT:	 1.000000000
gammaT:	 1.161523504
F:	 0.0
0
