name1:	 carbon_dioxide
id1:	 4
name2:	 methylpropane
id2:	 4
id:	 1
text:	 fixed: GERG-2004
betaV:	 1.076551882
gammaV:	 1.081909003
betaT:	 1.023339824
gammaT:	 0.929982936
F:	 0.0
0
