name1:	 ethane
id1:	 4
name2:	 decane
id2:	 4
id:	 1
text:	 fixed: GERG-2008
betaV:	 0.995676258
gammaV:	 1.098361281
betaT:	 0.970918061
gammaT:	 1.237191558
F:	 0.0
0
