name1:	 helium
id1:	 4
name2:	 carbon_dioxide
id2:	 4
id:	 1
text:	 fixed: GERG-2004
betaV:	 0.846647561
gammaV:	 0.864141549
betaT:	 0.768377630
gammaT:	 3.207456948
F:	 0.0
0
