name1:	 helium
id1:	 4
name2:	 methane
id2:	 4
id:	 1
text:	 fixed: GERG-2004
betaV:	 1.000000000
gammaV:	 0.881405683
betaT:	 1.000000000
gammaT:	 3.159776855
F:	 0.0
0
