name1:	 helium
id1:	 4
name2:	 nitrogen
id2:	 4
id:	 1
text:	 fixed: GERG-2004
betaV:	 0.969501055
gammaV:	 0.932629867
betaT:	 0.692868765
gammaT:	 1.471831580
F:	 0.0
0
