name1:	 hexane
id1:	 4
name2:	 decane
id2:	 4
id:	 1
text:	 fixed: GERG-2008
betaV:	 1.001516371
gammaV:	 1.013511439
betaT:	 0.997641010
gammaT:	 1.028939539
F:	 0.0
0
