name1:	 hydrogen
id1:	 4
name2:	 hexane
id2:	 4
id:	 1
text:	 fixed: GERG-2004
betaV:	 1.000000000
gammaV:	 1.243461678
betaT:	 1.000000000
gammaT:	 3.021197546
F:	 0.0
0
