name1:	 hydrogen_sulfide
id1:	 4
name2:	 butane
id2:	 4
id:	 1
text:	 fixed: GERG-2008
betaV:	 0.908113163
gammaV:	 1.033366041
betaT:	 0.985962886
gammaT:	 0.926156602
F:	 0.0
0
