name1:	 hydrogen_sulfide
id1:	 4
name2:	 pentane
id2:	 4
id:	 1
text:	 fixed: GERG-2008
betaV:	 0.984613203
gammaV:	 1.076539234
betaT:	 0.962006651
gammaT:	 0.959065662
F:	 0.0
0
