name1:	 hydrogen_sulfide
id1:	 4
name2:	 heptane
id2:	 4
id:	 1
text:	 fixed: GERG-2008
betaV:	 0.828967164
gammaV:	 1.087956749
betaT:	 0.988937417
gammaT:	 1.013453092
F:	 0.0
0
