name1:	 methane
id1:	 4
name2:	 decane
id2:	 4
id:	 1
text:	 fixed: GERG-2008
betaV:	 1.033086292
gammaV:	 1.146089637
betaT:	 0.937777823
gammaT:	 1.568231489
F:	 0.0
0
