name1:	 methylpropane
id1:	 4
name2:	 octane
id2:	 4
id:	 1
text:	 fixed: GERG-2004
betaV:	 1.000000000
gammaV:	 1.032807063
betaT:	 1.000000000
gammaT:	 1.013945424
F:	 0.0
0
