name1:	 nitrogen
id1:	 4
name2:	 butane
id2:	 4
id:	 1
text:	 fixed: GERG-2004
betaV:	 0.996082610
gammaV:	 1.146949309
betaT:	 0.994515234
gammaT:	 1.304886838
F:	 0.0
0
