name1:	 nitrogen
id1:	 4
name2:	 carbon_monoxide
id2:	 4
id:	 1
text:	 fixed: GERG-2004
betaV:	 1.000000000
gammaV:	 1.008690943
betaT:	 1.000000000
gammaT:	 0.993425388
F:	 0.0
0
