name1:	 pentane
id1:	 4
name2:	 heptane
id2:	 4
id:	 1
text:	 fixed: GERG-2004
betaV:	 1.000000000
gammaV:	 1.008972412
betaT:	 1.000000000
gammaT:	 1.002441051
F:	 0.0
0
