name1:	 pentane
id1:	 4
name2:	 water
id2:	 4
id:	 1
text:	 fixed: GERG-2004
betaV:	 1.000000000
gammaV:	 0.956677310
betaT:	 1.000000000
gammaT:	 0.447666011
F:	 0.0
0
