name1:	 propane
id1:	 4
name2:	 pentane
id2:	 4
id:	 1
text:	 fixed: GERG-2004
betaV:	 1.044919431
gammaV:	 1.019921513
betaT:	 0.996484021
gammaT:	 1.008344412
F:	 0.0
0
