name:	hydrogen
id:	1
text:	crit
pc:	 1.29640000e+01
Tc:	 3.31450000e+01
vc:	 6.44828500e+01
par[0]:	 3.99480000e+01
par[1]:	 3.31450000e+01
par[2]:	 6.44828500e+01
