name:	1-phenylpropane
id:	1
text:	crit, omega
pc:	 3.16600000e+00
Tc:	 6.38280000e+02
vc:	 5.58744459e+02
M:    1.20000000e+02 g/mol
Ts:   3.93656194e+02 K
vs:   1.45229446e+02 cm3/mol
omg:  3.44000000e-01
