name:	argon
id:	2
text:	crit+omega
pc:	4.897900
Tc:	150.860000
vc:	85.364951
par[0]:	3.9948000e+01
par[1]:	9.3042197e+01
par[2]:	2.2188148e+01
par[3]:	-4.2875000e-03 
