name:	carbon_dioxide
id:	1
text:	crit, p_lg 212 K
pc:	 7.37730000e+00
Tc:	 3.04128000e+02
vc:	 1.14254119e+02
M:    4.40098000e+01 g/mol
Ts:   1.87569517e+02 K
vs:   2.96970505e+01 cm3/mol
omg:  2.24924000e-01
