name:	nonane
id:	1
text:	crit
pc:	 2.28100000e+00
Tc:	 5.94550000e+02
vc:	 7.22397973e+02
M:    1.28255100e+02 g/mol
Ts:   3.66685922e+02 K
vs:   1.87766440e+02 cm3/mol
omg:  4.43200000e-01
