name1:	carbon_dioxide
id1:	1
name2:	hexadecane
id2:	2
id:	2
text:	VLE 313 Rathke
par[1]:	  1.74060317e+02
par[2]:	  1.64024325e+02
