name1:	decane
id1:	1
name2:	tetracosane
id2:	2
id:	1
text:	k12 = 0.0, l12 = 0.0
par[1]:	  4.80970780e+02
par[2]:	  3.01253600e+02
