name1:	helium
id1:	2
name2:	argon
id2:	1
id:	1
text:	VLE 91 K
Ts:   4.67212150e+01 K
vs:   1.52391888e+01 cm3/mol
