name1:	helium
id1:	2
name2:	nitrogen
id2:	1
id:	1
text:	VLE 120 K
Ts:   2.33231743e+01 K
vs:   1.82409428e+01 cm3/mol
