name1:	methane
id1:	1
name2:	tetracosane
id2:	2
id:	1
text:	VLE 325-350 K
par[1]:	  1.25154204e+02
par[2]:	  2.19670191e+02
