name1:	nitrogen
id1:	1
name2:	ethane
id2:	1
id:	2
text:	VLE 140-200 K
Ts:   1.36222459e+02 K
vs:   3.25217885e+01 cm3/mol
