name1:	nitrogen
id1:	1
name2:	propane
id2:	1
id:	1
text:	VLE 260 K
par[1]:	  1.33441465e+02
par[2]:	  4.04378515e+01
