name1:	propane
id1:	1
name2:	ammonia
id2:	1
id:	10
text:	phase diagram study: double azeotropy
Ts:   2.85000000e+02 K
vs:   3.97108699e+01 cm3/mol
