name1:	R14
id1:	1
name2:	butane
id2:	1
id:	1
text:	LLE 239K
Ts:   1.82000000e+02 K
vs:   6.02456000e+01 cm3/mol

Ts:   1.69122197e+02 K
vs:   5.73767255e+01 cm3/mol

