name:	  butane
id	  1
text:	  fixed: SEQC
pc:	  3.79600000
Tc:	  425.125000
vc:	  254.366703
par[0]:   5.81237000e+01
par[1]:   4.25125000e+02
par[2]:   2.54366703e+02
par[3]:   2.73170100e-01
par[4]:   1.96884267e-01
