name:	  heptane
id	  1
text:	  fixed: SEQC
pc:	  2.73600000
Tc:	  540.130000
vc:	  430.0349135
par[0]:   1.00204520e+02
par[1]:   5.40130000e+02
par[2]:   4.30034914e+02
par[3]:   2.61990080e-01
par[4]:   3.51419909e-01
