name:	  hexane
id	  1
text:	  fixed: SEQC
pc:	  3.03400000
Tc:	  507.820000
vc:	  369.4247464
par[0]:   8.61775800e+01
par[1]:   5.07820000e+02
par[2]:   3.69424746e+02
par[3]:   2.65457560e-01
par[4]:   3.00707394e-01
