name:	  nonane
id	  1
text:	  fixed: SEQC
pc:	  2.28100000
Tc:	  594.550000
vc:	  553.4950267
par[0]:   1.28258400e+02
par[1]:   5.94550000e+02
par[2]:   5.53495027e+02
par[3]:   2.55396040e-01
par[4]:   4.46414495e-01
