name:	argon
id:	1
text:	crit
pc:	 4.86300000e+00
Tc:	 1.50687000e+02
vc:	 8.69559486e+01
par[0]:	 3.99480000e+01
par[1]:	 1.12482547e+02
par[2]:	 2.70262480e+01
