name:	hydrogen
id:	1
text:	crit
pc:	 1.29640000e+00
Tc:	 3.31450000e+01
vc:	 7.17475013e+01
par[0]:	 2.01594000e+00
par[1]:	 2.47415771e+01
par[2]:	 2.22994033e+01
