name:	krypton
id:	2
text:	fixed: eps/k = 158 K, sigma = 0.3597 nm 
pc:	 6.58708255e+00
Tc:	 2.11664357e+02
vc:	 9.01742221e+01
M:   8.38000000e+01 g/mol
Ts:  1.58000000e+02 K
vs:  2.80265000e+01 cm3/mol
