name:	methane
id:	2
text:	fixed; eps/k = 148.0 K, sigma = 3.730 A
pc:	 5.53285000e+00
Tc:	 1.98260800e+02
vc:	 1.00553250e+02
par[0]:	 1.60428800e+01
par[1]:	 1.48000000e+02
par[2]:	 3.12519500e+01
