name1:	neon
id1:	1
name2:	krypton
id2:	2
id:	1
text:	VLE 163
par[1]:	  1.14699672e+02
par[2]:	  1.00957797e+01
