name1:	 argon
id1:	 4
name2:	 butane
id2:	 4
id:	 1
text:	 fixed: GERG-2004
betaV:	 1.000000000
gammaV:	 1.214638734
betaT:	 1.000000000
gammaT:	 1.245039498
F:	 0.0
0
