name1:	 butane
id1:	 4
name2:	 methylbutane
id2:	 4
id:	 1
text:	 fixed: GERG-2004
betaV:	 1.000000000
gammaV:	 1.002728262
betaT:	 1.000000000
gammaT:	 1.000792201
F:	 0.0
0
