name1:	 butane
id1:	 4
name2:	 decane
id2:	 4
id:	 1
text:	 fixed: GERG-2008
betaV:	 0.976951968
gammaV:	 1.027845529
betaT:	 0.993688386
gammaT:	 1.076466918
F:	 0.0
0
