name1:	 butane
id1:	 4
name2:	 octane
id2:	 4
id:	 1
text:	 fixed: GERG-2004
betaV:	 1.000000000
gammaV:	 1.046905515
betaT:	 1.000000000
gammaT:	 1.033180106
F:	 0.0
0
