name1:	 carbon_monoxide
id1:	 4
name2:	 hydrogen_sulfide
id2:	 4
id:	 1
text:	 fixed: GERG-2008
betaV:	 0.795660392
gammaV:	 1.101731308
betaT:	 1.025536736
gammaT:	 1.022749748
F:	 0.0
0
