name1:	 carbon_monoxide
id1:	 4
name2:	 argon
id2:	 4
id:	 1
text:	 fixed: GERG-2004
betaV:	 1.000000000
gammaV:	 1.159720623
betaT:	 1.000000000
gammaT:	 0.954215746
F:	 0.0
0
