name1:	 carbon_dioxide
id1:	 4
name2:	 hydrogen_sulfide
id2:	 4
id:	 1
text:	 fixed: GERG-2008
betaV:	 0.906630564
gammaV:	 1.024085837
betaT:	 1.016034583
gammaT:	 0.926018880
F:	 0.0
0
