name1:	 decane
id1:	 4
name2:	 water
id2:	 4
id:	 1
text:	 fixed: GERG-2008
betaV:	 1.000000000
gammaV:	 0.551405318
betaT:	 0.897162268
gammaT:	 0.740416402
F:	 0.0
0
