name1:	 ethane
id1:	 4
name2:	 hydrogen_sulfide
id2:	 4
id:	 1
text:	 fixed: GERG-2008
betaV:	 1.010817909
gammaV:	 1.030988277
betaT:	 0.990197354
gammaT:	 0.902736660
F:	 0.0
0
