name1:	 heptane
id1:	 4
name2:	 octane
id2:	 4
id:	 1
text:	 fixed: GERG-2004
betaV:	 1.000000000
gammaV:	 1.006767176
betaT:	 1.000000000
gammaT:	 0.998793111
F:	 0.0
0
