name1:	 hydrogen
id1:	 4
name2:	 nonane
id2:	 4
id:	 1
text:	 fixed: GERG-2008
betaV:	 1.000000000
gammaV:	 1.342647661
betaT:	 1.000000000
gammaT:	 2.234354040
F:	 0.0
0
