name1:	 hydrogen_sulfide
id1:	 4
name2:	 hexane
id2:	 4
id:	 1
text:	 fixed: GERG-2008
betaV:	 0.754473958
gammaV:	 1.339283552
betaT:	 0.985891113
gammaT:	 0.956075596
F:	 0.0
0
