name1:	 hydrogen
id1:	 4
name2:	 carbon_monoxide
id2:	 4
id:	 1
text:	 fixed: GERG-2004
betaV:	 1.000000000
gammaV:	 1.121416201
betaT:	 1.000000000
gammaT:	 1.377504607
F:	 0.0
0
