name1:	 hydrogen
id1:	 4
name2:	 carbon_dioxide
id2:	 4
id:	 1
text:	 fixed: GERG-2004
betaV:	 0.904142159
gammaV:	 1.152792550
betaT:	 0.942320195
gammaT:	 1.782924792
F:	 0.0
0
