name1:	 hydrogen_sulfide
id1:	 4
name2:	 methylbutane
id2:	 4
id:	 1
text:	 fixed: GERG-2008
betaV:	 1.000000000
gammaV:	 0.835763343
betaT:	 1.000000000
gammaT:	 0.982651529
F:	 0.0
0
