name1:	 hydrogen_sulfide
id1:	 4
name2:	 water
id2:	 4
id:	 1
text:	 fixed: GERG-2008
betaV:	 1.000000000
gammaV:	 1.014832832
betaT:	 1.000000000
gammaT:	 0.940587083
F:	 0.0
0
