name1:	 hydrogen
id1:	 4
name2:	 nitrogen
id2:	 4
id:	 1
text:	 fixed: GERG-2004
betaV:	 0.972532065
gammaV:	 0.970115357
betaT:	 0.946134337
gammaT:	 1.175696583
F:	 0.0
0
