name1:	 methylbutane
id1:	 4
name2:	 octane
id2:	 4
id:	 1
text:	 fixed: GERG-2004
betaV:	 1.000000000
gammaV:	 1.017880981
betaT:	 1.000000000
gammaT:	 1.005647480
F:	 0.0
0
