name1:	 methane
id1:	 4
name2:	 water
id2:	 4
id:	 1
text:	 fixed: GERG-2004
betaV:	 1.012783169
gammaV:	 1.585018334
betaT:	 1.063333913
gammaT:	 0.775810513
F:	 0.0
0
