name1:	 methane
id1:	 4
name2:	 heptane
id2:	 4
id:	 1
text:	 fixed: GERG-2004
betaV:	 0.962050831
gammaV:	 1.156655935
betaT:	 0.977431529
gammaT:	 1.379850328
F:	 0.0
0
