name1:	 methylpropane
id1:	 4
name2:	 pentane
id2:	 4
id:	 1
text:	 fixed: GERG-2004
betaV:	 1.000000000
gammaV:	 1.002779804
betaT:	 1.000000000
gammaT:	 1.002495889
F:	 0.0
0
