name1:	 methane
id1:	 4
name2:	 methylbutane
id2:	 4
id:	 1
text:	 fixed: GERG-2004
betaV:	 1.000000000
gammaV:	 1.343685343
betaT:	 1.000000000
gammaT:	 1.188899743
F:	 0.0
0
