name1:	 nitrogen
id1:	 4
name2:	 hydrogen_sulfide
id2:	 4
id:	 1
text:	 fixed: GERG-2008
betaV:	 0.910394249
gammaV:	 1.256844157
betaT:	 1.004692366
gammaT:	 0.960174200
F:	 0.0
0
