name1:	 nitrogen
id1:	 4
name2:	 oxygen
id2:	 4
id:	 1
text:	 fixed: GERG-2004
betaV:	 0.999521770
gammaV:	 0.997082328
betaT:	 0.997190589
gammaT:	 0.995157044
F:	 0.0
0
