name1:	 oxygen
id1:	 4
name2:	 methane
id2:	 4
id:	 1
text:	 fixed: GERG-2004
betaV:	 1.000000000
gammaV:	 1.000000000
betaT:	 1.000000000
gammaT:	 0.950000000
F:	 0.0
0
