name1:	 pentane
id1:	 4
name2:	 hexane
id2:	 4
id:	 1
text:	 fixed: GERG-2004
betaV:	 1.000000000
gammaV:	 1.002480637
betaT:	 1.000000000
gammaT:	 1.000761237
F:	 0.0
0
