name1:	 propane
id1:	 4
name2:	 nonane
id2:	 4
id:	 1
text:	 fixed: GERG-2008
betaV:	 1.000000000
gammaV:	 1.199769134
betaT:	 1.000000000
gammaT:	 1.109973833
F:	 0.0
0
