name1:	 propane
id1:	 4
name2:	 hydrogen_sulfide
id2:	 4
id:	 1
text:	 fixed: GERG-2008
betaV:	 0.936811219
gammaV:	 1.010593999
betaT:	 0.992573556
gammaT:	 0.905829247
F:	 0.0
0
