name:	argon
id:	1
text:	crit
pc:	4.897900
Tc:	150.860000
vc:	85.363924
par[0]:	3.9948000e+01
par[1]:	1.0930617e+02
par[2]:	2.2187881e+01 
