name:	carbon_dioxide
id:	1
text:	crit
pc:	7.382500
Tc:	304.210000
vc:	114.205084
par[0]:	4.4000000e+01
par[1]:	2.2041648e+02
par[2]:	2.9684305e+01 
