name:	decane
id:	1
text:	crit
pc:	 2.10300000e+00
Tc:	 6.17700000e+02
vc:	 8.14051253e+02
M:   1.42285000e+02 g/mol
Ts:  4.47556810e+02 K
vs:  2.11589056e+02 cm3/mol
