name:	ethyne
id:	1
text:	crit
pc:	 6.13900000e+00
Tc:	 3.08300000e+02
vc:	 1.39184636e+02
par[0]:	 2.60380000e+01
par[1]:	 2.23379901e+02
par[2]:	 3.61770166e+01
