name:	fluorine
id:	1
text:	crit
pc:	 5.17240000e+00
Tc:	 1.44121000e+02
vc:	 7.72236934e+01
par[0]:	 3.79968100e+01
par[1]:	 1.04423401e+02
par[2]:	 2.00720635e+01
