name:	adamantane
id:	1
text:	crit
pc:	5.078900
Tc:	918.000000
vc:	500.943129
par[0]:	1.3600000e+02
par[1]:	6.6514028e+02
par[2]:	1.3020566e+02 
