name:	hexane
id:	1
text:	crit
pc:	 3.03400000e+00
Tc:	 5.07820000e+02
vc:	 4.63882133e+02
M:   8.61770000e+01 g/mol
Ts:  3.67942852e+02 K
vs:  1.20572731e+02 cm3/mol
