name:	krypton
id:	1
text:	crit.
pc:	 5.52000000e+00
Tc:	 2.09500000e+02
vc:	 1.05186104e+02
M:   8.38000000e+01 g/mol
Ts:  1.51793997e+02 K
vs:  2.73400826e+01 cm3/mol
