name:	nonane
id:	1
text:	crit
pc:	 2.28100000e+00
Tc:	 5.94550000e+02
vc:	 7.22397973e+02
M:   1.28260000e+02 g/mol
Ts:  4.30783393e+02 K
vs:  1.87766440e+02 cm3/mol
