name:	water
id:	1
text:	fixed
pc:	22.064000
Tc:	647.096000
vc:	55.948037
M:	1.8015268e+01 g/mol
Ts:	647.096 K
vs:	55.94803727 cm3/mol
