name1:	carbon_dioxide
id1:	13
name2:	cyclohexane
id2:	13
id:	3
text:	3pure params fit, JPCB112 London CR 
par[1]:	  2.06691156e+02
par[2]:	  1.35474899e+01
