name1:	cyclohexane
id1:	13
name2:	benzene
id2:	13
id:	3
text:	3pure params fit, JPCB112 London CR (dummy data) 
par[1]:	  2.91444077e+02
par[2]:	  1.87916268e+01
