name:	1,3-propanediol
id:	1
text:	thesis B. Schmid
pc:	 6.54999998e+00
Tc:	 7.18200000e+02
vc:	 2.86364459e+02
M:   7.60950000e+01 g/mol
Ts:  5.27639989e+02 K
vs:  7.09245285e+01 cm3/mol
c:  -6.11519000e+00 cm3/mol
lT:  1.44900000e+00 cm3/mol
mT:  1.10420000e+00 cm3/mol
nT:  8.46900000e-01 cm3/mol
