name:	1-butanol
id:	1
text:	thesis B. Schmid
pc:	 4.41779999e+00
Tc:	 5.62900000e+02
vc:	 3.26410415e+02
M:   7.41224000e+01 g/mol
Ts:  4.13545739e+02 K
vs:  8.24171427e+01 cm3/mol
c:  -7.49540000e-01 cm3/mol
lT:  1.14750000e+00 cm3/mol
mT:  7.09500000e-01 cm3/mol
nT:  9.99000000e-01 cm3/mol
