name:	1-hexene
id:	1
text:	thesis B. Schmid
pc:	 3.20599999e+00
Tc:	 5.04000000e+02
vc:	 4.00324953e+02
M:   8.41608000e+01 g/mol
Ts:  3.70273677e+02 K
vs:  1.01685581e+02 cm3/mol
c:   1.47271000e+00 cm3/mol
lT:  8.99000000e-01 cm3/mol
mT:  9.09600000e-01 cm3/mol
nT:  8.45200000e-01 cm3/mol
