name:	2-methylpropan-2-ol
id:	1
text:	thesis B. Schmid
pc:	 3.97189999e+00
Tc:	 5.06200000e+02
vc:	 3.25886498e+02
M:   7.41224000e+01 g/mol
Ts:  3.71889951e+02 K
vs:  8.24358635e+01 cm3/mol
c:  -1.51650000e-01 cm3/mol
lT:  1.24840000e+00 cm3/mol
mT:  4.80700000e-01 cm3/mol
nT:  9.60000000e-01 cm3/mol
