name:	4-methylpentan-2-one
id:	1
text:	thesis B. Schmid
pc:	 3.27279999e+00
Tc:	 5.71000000e+02
vc:	 4.48918881e+02
M:   1.00160200e+02 g/mol
Ts:  4.19496566e+02 K
vs:  1.12851932e+02 cm3/mol
c:  -2.99880000e+00 cm3/mol
lT:  8.92300000e-01 cm3/mol
mT:  9.70600000e-01 cm3/mol
nT:  1.04120000e+00 cm3/mol
