name:	4-methylbutan-2-one
id:	1
text:	thesis B. Schmid
pc:	 3.85039999e+00
Tc:	 5.52800000e+02
vc:	 3.70342971e+02
M:   8.61334000e+01 g/mol
Ts:  4.06125572e+02 K
vs:  9.28655300e+01 cm3/mol
c:  -3.39662000e+00 cm3/mol
lT:  4.25100000e-01 cm3/mol
mT:  8.15700000e-01 cm3/mol
nT:  1.57980000e+00 cm3/mol
