name:	ammonia
id:	1
text:	thesis B. Schmid
pc:	 1.12770000e+01
Tc:	 4.05600000e+02
vc:	 9.53236028e+01
M:   1.70304000e+01 g/mol
Ts:  2.97982149e+02 K
vs:  2.32646606e+01 cm3/mol
c:  -3.39625000e+00 cm3/mol
lT:  8.85600000e-01 cm3/mol
mT:  9.56100000e-01 cm3/mol
nT:  8.16400000e-01 cm3/mol
