name:	benzene
id:	1
text:	thesis B. Schmid
pc:	 4.89399999e+00
Tc:	 5.62100000e+02
vc:	 2.90706436e+02
M:   7.81134000e+01 g/mol
Ts:  4.12958003e+02 K
vs:  7.42919874e+01 cm3/mol
c:   2.84892000e+00 cm3/mol
lT:  6.52500000e-01 cm3/mol
mT:  8.32800000e-01 cm3/mol
nT:  9.23300000e-01 cm3/mol
