name:	carbon_dioxide
id:	1
text:	thesis B. Schmid
pc:	 7.37650000e+00
Tc:	 3.04210000e+02
vc:	 1.03810232e+02
M:   4.40098000e+01 g/mol
Ts:  2.23493959e+02 K
vs:  2.66756797e+01 cm3/mol
c:   1.59533000e+00 cm3/mol
lT:  8.21000000e-01 cm3/mol
mT:  8.42300000e-01 cm3/mol
nT:  8.01300000e-01 cm3/mol
