name:	cyclopentane
id:	1
text:	thesis B. Schmid
pc:	 4.50989999e+00
Tc:	 5.11700000e+02
vc:	 2.84808040e+02
M:   7.01340000e+01 g/mol
Ts:  3.75930636e+02 K
vs:  7.33906714e+01 cm3/mol
c:   5.18588000e+00 cm3/mol
lT:  8.59700000e-01 cm3/mol
mT:  9.63600000e-01 cm3/mol
nT:  7.57000000e-01 cm3/mol
