name:	decalin
id:	1
text:	thesis B. Schmid
pc:	 2.01000000e+00
Tc:	 6.45150000e+02
vc:	 9.04431490e+02
M:   1.38252200e+02 g/mol
Ts:  4.73972346e+02 K
vs:  2.07614174e+02 cm3/mol
c:  -8.40704400e+01 cm3/mol
lT:  9.46200000e-01 cm3/mol
mT:  9.44900000e-01 cm3/mol
nT:  1.04400000e+00 cm3/mol
