name:	ethane
id:	2
text:	crit, Ahlers
pc:	 4.88000000e+00
Tc:	 3.05400000e+02
vc:	 1.55261972e+02
par[0]:	 3.00700000e+01
par[1]:	 2.24368216e+02
par[2]:	 4.04800990e+01
par[3]:	-4.69000000e+00
par[4]:	 2.12250000e-01
par[5]:	 8.72040000e-01
par[6]:	 1.70100000e+00
