name:	ethane
id:	1
text:	thesis Schmid
pc:	 4.88389999e+00
Tc:	 3.05400000e+02
vc:	 1.55270924e+02
M:   3.00694000e+01 g/mol
Ts:  2.24368216e+02 K
vs:  4.04477740e+01 cm3/mol
c:   4.55332000e+00 cm3/mol
lT:  2.12300000e-01 cm3/mol
mT:  8.72000000e-01 cm3/mol
nT:  1.70100000e+00 cm3/mol
