name:	heptane
id:	2
text:	crit, Ahlers
pc:	 2.73600000e+00
Tc:	 5.40120000e+02
vc:	 5.05152016e+02
par[0]:	 1.00205000e+02
par[1]:	 3.96809957e+02
par[2]:	 1.27692833e+02
par[3]:	 5.90000000e-01
par[4]:	 9.39550000e-01
par[5]:	 9.09560000e-01
par[6]:	 9.01350000e-01
