name:	hydrogen_sulfide
id:	1
text:	thesis B. Schmid
pc:	 8.93689998e+00
Tc:	 3.72800000e+02
vc:	 1.03666031e+02
M:   3.40758000e+01 g/mol
Ts:  2.73884974e+02 K
vs:  2.69824488e+01 cm3/mol
c:   2.95169000e+00 cm3/mol
lT:  9.72900000e-01 cm3/mol
mT:  1.06320000e+00 cm3/mol
nT:  5.33800000e-01 cm3/mol
