name:	methane
id:	2
text:	crit, Ahlers
pc:	 4.59500000e+00
Tc:	 1.90555000e+02
vc:	 1.01662521e+02
par[0]:	 1.60430000e+01
par[1]:	 1.39995041e+02
par[2]:	 2.68242253e+01
par[3]:	-4.33000000e+00
par[4]:	 9.45430000e-01
par[5]:	 1.24525000e+00
par[6]:	 4.24150000e-01
