name:	methylbutane
id:	1
text:	thesis B. Schmid
pc:	 3.38019999e+00
Tc:	 4.60400000e+02
vc:	 3.43340791e+02
M:   7.21498000e+01 g/mol
Ts:  3.38242065e+02 K
vs:  8.81018998e+01 cm3/mol
c:   4.78268000e+00 cm3/mol
lT:  1.03040000e+00 cm3/mol
mT:  1.03450000e+00 cm3/mol
nT:  6.80400000e-01 cm3/mol
