name:	methanol
id:	1
text:	thesis B. Schmid
pc:	 8.09589998e+00
Tc:	 5.12600000e+02
vc:	 1.69538470e+02
M:   3.20420000e+01 g/mol
Ts:  3.76591839e+02 K
vs:  4.09548956e+01 cm3/mol
c:  -7.71040000e+00 cm3/mol
lT:  1.25980000e+00 cm3/mol
mT:  1.15200000e+00 cm3/mol
nT:  9.30800000e-01 cm3/mol
