name:	nitrogen
id:	1
text:	thesis B. Schmid
pc:	 3.39439999e+00
Tc:	 1.26200000e+02
vc:	 9.09784674e+01
M:   2.80134000e+01 g/mol
Ts:  9.27153532e+01 K
vs:  2.40485387e+01 cm3/mol
c:   4.04628000e+00 cm3/mol
lT:  3.29500000e-01 cm3/mol
mT:  8.82800000e-01 cm3/mol
nT:  1.05210000e+00 cm3/mol
