name:	propene
id:	1
text:	thesis B. Schmid
pc:	 4.62039999e+00
Tc:	 3.65000000e+02
vc:	 1.96771010e+02
M:   4.20804000e+01 g/mol
Ts:  2.68154548e+02 K
vs:  5.10982051e+01 cm3/mol
c:   5.13706000e+00 cm3/mol
lT:  1.02590000e+00 cm3/mol
mT:  1.01060000e+00 cm3/mol
nT:  5.54800000e-01 cm3/mol
