name:	tetradecane
id:	1
text:	thesis B. Schmid
pc:	 1.57260000e+00
Tc:	 6.91800000e+02
vc:	 1.16584549e+03
M:   1.98391000e+02 g/mol
Ts:  5.08244701e+02 K
vs:  2.84547414e+02 cm3/mol
c:  -4.14925100e+01 cm3/mol
lT:  1.16440000e+00 cm3/mol
mT:  9.03600000e-01 cm3/mol
nT:  1.08530000e+00 cm3/mol
