name:	water
id:	1
text:	thesis B. Schmid
pc:	 2.20480000e+01
Tc:	 6.47300000e+02
vc:	 7.94333802e+01
M:   1.80152000e+01 g/mol
Ts:  4.75551887e+02 K
vs:  1.89901661e+01 cm3/mol
c:  -4.39615000e+00 cm3/mol
lT:  4.41300000e-01 cm3/mol
mT:  8.73400000e-01 cm3/mol
nT:  1.75990000e+00 cm3/mol
