name1:	carbon_dioxide
id1:	3
name2:	decane
id2:	3
id:	1
text:	VLE 311-344 K
par[1]:	  1.85628787e+02
par[2]:	  1.23223450e+01
