name1:	carbon_dioxide
id1:	3
name2:	PEC5
id2:	3
id:	1
text:	VLE 283-333 K
par[1]:	  5.98720874e+02
par[2]:	  1.21593450e+01
