name1:	methane
id1:	3
name2:	decane
id2:	3
id:	1
text:	VLE 511 K
par[1]:	  1.80418729e+02
par[2]:	  1.69268000e+01
