name:	heptane
id:	1
text:	Baled et al.
pc:	 2.74000000e+00
Tc:	 5.40200000e+02
vc:	 5.08926891e+02
M:   1.00200000e+02 g/mol
Ts:  3.96868731e+02 K
vs:  1.27525305e+02 cm3/mol
c:   3.49000000e-01
