name:	methane
id:	1
text:	Baled et al.
pc:	 4.59900000e+00
Tc:	 1.90560000e+02
vc:	 1.10355412e+02
M:   1.60400000e+01 g/mol
Ts:  1.39998714e+02 K
vs:  2.68015981e+01 cm3/mol
c:   1.20000000e-02
