name1:	neon
id1:	1
name2:	krypton
id2:	2
id:	1
text:	VLE 163
par[1]:	  4.43789840e+01
par[2]:	  1.61227328e+01
