name:	1,3-butadiene
id:	2
text:	VLE 313-373 K
pc:	4.405124
Tc:	426.056735
vc:	223.546965
par[0]:	5.4092000e+01
par[1]:	4.3901436e+02
par[2]:	4.8669696e+01
par[3]:	1.1812959e+00
