name:	2-methylpropane
id:	1
text:	crit + VLE 300K
pc:	 3.65985927e+00
Tc:	 4.07732159e+02
vc:	 2.58951421e+02
par[0]:	 5.81200000e+01
par[1]:	 4.10082317e+02
par[2]:	 5.62177807e+01
par[3]:	 1.17098073e+00
