name:	adamantane
id:	2
text:	from binary SFE
pc:	0.290189
Tc:	462.723817
vc:	463.338238
par[0]:	1.3019000e+02
par[1]:	3.1544311e+02
par[2]:	1.0434424e+02
par[3]:	1.0000000e+00
