name:	argon
id:	2
text:	crit, +qe
pc:	4.897900
Tc:	150.860000
vc:	74.560575
par[0]:	3.9948000e+01
par[1]:	1.0363510e+02
par[2]:	1.6644767e+01
par[3]:	1.0000000e+00
