name:	benzene
id:	2
text:	VLE 330-370K
pc:	 5.38760562e+00
Tc:	 5.80381008e+02
vc:	 2.54903157e+02
par[0]:	 7.81140000e+01
par[1]:	 5.21187213e+02
par[2]:	 5.57485365e+01
par[3]:	 1.12297534e+00
