name:	boron_trifluoride
id:	1
text:	crit
pc:	4.706825
Tc:	255.854630
vc:	112.967100
par[0]:	-6.7805004e+01
par[1]:	3.7208070e+02
par[2]:	2.5237619e+01
par[3]:	1.3184305e+00
