name:	cyclohexane
id:	1
text:	crit, VLE 340-400K
pc:	 4.14398630e+00
Tc:	 5.55950554e+02
vc:	 3.11931424e+02
par[0]:	 8.41595000e+01
par[1]:	 5.56693259e+02
par[2]:	 6.78241778e+01
par[3]:	 1.16939978e+00
