name:	decalin
id:	2
text:	VLE 373 K
pc:	3.807614
Tc:	760.197600
vc:	479.842100
par[0]:	-1.3825000e+02
par[1]:	6.0141416e+02
par[2]:	1.0563791e+02
par[3]:	1.0653816e+00
