name:	decane
id:	2
text:	VLE 433 K
pc:	2.210440
Tc:	629.217250
vc:	609.441330
par[0]:	-1.4228600e+02
par[1]:	8.5518473e+02
par[2]:	1.3400109e+02
par[3]:	1.2918147e+00
