name:	diphenylmethane
id:	1
text:	crit
pc:	2.979000
Tc:	767.000000
vc:	536.180000
par[0]:	-1.6800000e+02
par[1]:	1.1105709e+03
par[2]:	1.1963879e+02
par[3]:	1.3167223e+00
