name:	ethene
id:	1
text:	crit
pc:	5.040300
Tc:	282.343000
vc:	131.000000
par[0]:	2.8053999e+01
par[1]:	2.7138246e+02
par[2]:	2.8442120e+01
par[3]:	1.1501775e+00
