name:	ethylene_oxide
id:	1
text:	crit
pc:	9.425068
Tc:	515.542610
vc:	132.292870
par[0]:	-4.4053999e+01
par[1]:	3.6673349e+02
par[2]:	2.9427122e+01
par[3]:	1.0165287e+00
