name:	helium
id:	1
text:	crit
pc:	0.227000
Tc:	5.189000
vc:	65.481152
par[0]:	4.0026000e+00
par[1]:	4.9452943e+00
par[2]:	8.9539189e+00
par[3]:	1.0000000e+00
