name:	heptane
id:	2
text:	VLE 477 K
pc:	2.740688
Tc:	540.427670
vc:	431.391220
par[0]:	-1.0020000e+02
par[1]:	6.9324730e+02
par[2]:	9.4018278e+01
par[3]:	1.2688725e+00
