name:	hexadecane
id:	2
text:	VLE 373 K
pc:	1.947713
Tc:	834.201200
vc:	975.231460
par[0]:	-2.2645000e+02
par[1]:	9.3234299e+02
par[2]:	2.1079255e+02
par[3]:	1.2132300e+00
