name:	hexane
id:	2
text:	VLE 320 K
pc:	3.368778
Tc:	529.573501
vc:	367.849655
par[0]:	-8.6178000e+01
par[1]:	5.1793668e+02
par[2]:	7.9734866e+01
par[3]:	1.1577490e+00
