name:	hydrogen
id:	1
text:	crit
pc:	1.298000
Tc:	33.240000
vc:	67.498768
par[0]:	2.0160000e+00
par[1]:	2.7063796e+01
par[2]:	1.1786436e+01
par[3]:	1.0000000e+00
