name:	mesitylene
id:	2
text:	VLE 75-150 K
pc:	3.713051
Tc:	675.761034
vc:	418.997237
par[0]:	1.2019000e+02
par[1]:	7.0621181e+02
par[2]:	9.1421824e+01
par[3]:	1.1877876e+00
