name:	methane
id:	1
text:	crit
pc:	4.595000
Tc:	190.555000
vc:	100.599306
par[0]:	1.6043000e+01
par[1]:	1.3188660e+02
par[2]:	2.2260000e+01
par[3]:	1.0000000e+00
