name:	naphthalene
id:	4
text:	VLE 353-423 K
pc:	5.125317
Tc:	826.625688
vc:	385.980672
par[0]:	1.2817400e+02
par[1]:	6.6928012e+02
par[2]:	8.5336141e+01
par[3]:	1.0780992e+00
