name:	nitrogen
id:	1
text:	crit
pc:	3.400000
Tc:	126.200000
vc:	89.915576
par[0]:	2.8013400e+01
par[1]:	8.6923254e+01
par[2]:	2.0010316e+01
par[3]:	1.0000000e+00
