name:	oxygen
id:	1
text:	crit
pc:	5.043000
Tc:	154.581000
vc:	74.247495
par[0]:	3.1998800e+01
par[1]:	1.0643694e+02
par[2]:	1.6529927e+01
par[3]:	1.0000000e+00
