name:	pentane
id:	1
text:	crit, VLE 330-480 K
pc:	3.379420
Tc:	470.144176
vc:	315.048836
par[0]:	7.2151000e+01
par[1]:	5.2831493e+02
par[2]:	6.8734142e+01
par[3]:	1.2175156e+00
