name:	propane
id:	1
text:	crit
pc:	4.868444
Tc:	395.617080
vc:	196.508880
par[0]:	-4.4097002e+01
par[1]:	2.8250752e+02
par[2]:	4.3694225e+01
par[3]:	1.0183328e+00
