name:	R134a
id:	1
text:	crit
pc:	4.174055
Tc:	376.175340
vc:	200.536490
par[0]:	-1.0203100e+02
par[1]:	4.5784816e+02
par[2]:	4.3489072e+01
par[3]:	1.2478290e+00
