name:	R14
id:	1
text:	crit
pc:	3.738900
Tc:	227.500000
vc:	147.291450
par[0]:	-8.7999997e+01
par[1]:	1.5628408e+02
par[2]:	3.2881025e+01
par[3]:	1.0000000e+00
