name:	squalane
id:	1
text:	crit, Vml25
pc:	0.944386
Tc:	766.972453
vc:	1684.565845
par[0]:	-4.2282400e+02
par[1]:	1.1198597e+03
par[2]:	3.7677981e+02
par[3]:	1.3200000e+00
