name:	tetracosane
id:	2
text:	VLE 400-500 K
pc:	1.662069
Tc:	982.152498
vc:	1357.236211
par[0]:	3.3866100e+02
par[1]:	1.0364434e+03
par[2]:	2.9631439e+02
par[3]:	1.1919971e+00
