name:	tetradecane
id:	1
text:	crit
pc:	1.620000
Tc:	694.000000
vc:	830.000000
par[0]:	-1.9800000e+02
par[1]:	1.1499054e+03
par[2]:	1.9508813e+02
par[3]:	1.3693136e+00
