name:	water
id:	1
text:	crit
pc:	  2.20640000e+01
Tc:	  6.47096000e+02
vc:	  5.59480370e+01
par[0]:	  1.80152680e+01
par[1]:	  1.11758763e+03
par[2]:	  1.30452781e+01
par[3]:	  1.38241564e+00
