name:	argon
id:	1
text:	crit
pc:	4.897900
Tc:	150.860000
vc:	91.926837
par[0]:	3.9948000e+01
par[1]:	1.9991264e+02
par[2]:	1.1991294e+01 
