name:	decane
id:	1
text:	crit
pc:	 2.10300000e+00
Tc:	 6.17700000e+02
vc:	 8.76626247e+02
M:   1.42285000e+02 g/mol
Ts:  8.18547244e+02 K
vs:  1.14350533e+02 cm3/mol
