name:	methane
id:	1
text:	crit
pc:	4.595000
Tc:	190.555000
vc:	123.767818
par[0]:	1.6043000e+01
par[1]:	2.5251460e+02
par[2]:	1.6144755e+01 
