name:	methane
id:	2
text:	VLE 130-170 K
pc:	5.002447
Tc:	189.705637
vc:	98.759978
par[0]:	1.6043000e+01
par[1]:	1.5382149e+02
par[2]:	3.1585495e+01
par[3]:	6.0229606e-01
par[4]:	1.0180246e+00
par[5]:	1.0000000e-02 
