name:	methane
id:	1
theory:	2
quality:	data set #1, rms dev. 4.107e-05
text:	fixed: B. Wittich
a[0]:	1.980352316e-07
a[1]:	-6.523856150e-07
a[2]:	3.237946124e-07
A[0]:	-1.568316927e-10
A[1]:	-3.434737390e-11
A[2]:	1.024014325e-10
b[0]:	4.194766924e-07
b[1]:	-3.545713097e-07
b[2]:	-2.289754024e-08
B[0]:	1.305907655e-09
B[1]:	2.593465639e-10
B[2]:	-1.186495381e-10
D[0]:	0.0
D[1]:	0.0
D[2]:	0.0
c[0]:	3.022045581e-07
c[1]:	-4.488319001e-08
c[2]:	-1.512447319e-07
C[0]:	2.644341291e-08
C[1]:	-4.161619711e-08
C[2]:	3.263112602e-08
