name1:	carbon_dioxide
id1:	1
name2:	decane
id2:	1
id:	1
text:	VLE 311-344 K
par[1]:	  2.56661498e+02
par[2]:	  8.77394087e+01
