name:	argon
id:	1
text:	crit
pc:	 4.86029809e+00
Tc:	 1.50875109e+02
vc:	 8.52733520e+01
M:    3.99480000e+01 g/mol
Ts:   1.26507087e+02 K
vs:   2.20999642e+01 cm3/mol
C:    1.03201661e-01
F:    4.53709800e-01
