name:	ethane
id:	1
text:	crit, VLE
pc:	 4.87144293e+00
Tc:	 3.05357591e+02
vc:	 1.66793911e+02
M:    3.00690400e+01 g/mol
Ts:   2.74393040e+02 K
vs:   4.27772048e+01 cm3/mol
C:    4.86144664e-01
F:    5.76516995e-01
