name:	hexadecane
id:	1
text:	crit, VLE 300-400 K
pc:	 1.55429174e+00
Tc:	 7.33536543e+02
vc:	 1.14685753e+03
M:    2.26446000e+02 g/mol
Ts:   7.99071976e+02 K
vs:   2.85408735e+02 cm3/mol
C:    1.69364557e+00
F:    1.28741238e+00
