name:	methane
id:	1
text:	crit, VLE 120 K
pc:	 4.59920000e+00
Tc:	 1.90564000e+02
vc:	 1.14185997e+02
M:    1.60428000e+01 g/mol
Ts:   1.58665123e+02 K
vs:   2.96243367e+01 cm3/mol
C:  6.56619601e-02
F:  4.83722636e-01
