name:	  ethane
id:	  1
text:	  fixed: SEQC
pc:	  4.87200000
Tc:	  305.322000
vc:	  145.0386576
par[0]:	  3.00698200e+01
par[1]:   3.05322000e+02
par[2]:   1.45038658e+02
par[3]:   2.78353250e-01
par[4]:   1.00173057e-01
