name:	  methane
id:	  1
text:	  fixed: SEQC
pc:	  4.59900000
Tc:	  190.564000
vc:	  97.86823282
par[0]:	  1.60430000e+01
par[1]:   1.90564000e+02
par[2]:   9.78682328e+01
par[3]:	  2.84071480e-01
par[4]:   1.26149740e-02
