name:	  octane
id	  1
text:	  fixed: SEQC
pc:	  2.49700000
Tc:	  569.320000
vc:	  491.2300653
par[0]:   1.14231460e+02
par[1]:   5.69320000e+02
par[2]:   4.91230065e+02
par[3]:   2.59125640e-01
par[4]:   3.95095534e-01
