name:	  pentane
id	  1
text:	  fixed: SEQC
pc:	  3.37000000
Tc:	  469.700000
vc:	  312.0466891
par[0]:   7.21506400e+01
par[1]:   4.69700000e+02
par[2]:   3.12046689e+02
par[3]:   2.69272660e-01
par[4]:   2.50995495e-01
