name:	  propane
id:	  1
text:	  fixed: SEQC
pc:	  4.24800000
Tc:	  369.825000
vc:	  199.59628260
par[0]:	  4.40967600e+01
par[1]:   3.69825000e+02
par[2]:   1.99596283e+02
par[3]:   2.75742700e-01
par[4]:   1.52179064e-01
