name1:	argon
id1:	1
name2:	methane
id2:	1
id:	1
text:	VLE 90 K
par[1]:	  1.64460578e+02
par[2]:	  8.66077500e+01
par[3]:	  1.00000000e+00
