name1:	carbon_dioxide
id1:	1
name2:	ethane
id2:	1
id:	2
text:	fixed (Xiang)
par[1]:	  2.46230811e+02
par[2]:	  1.19809450e+02
par[3]:	  2.50000000e-01
