name1:	carbon_dioxide
id1:	1
name2:	heptane
id2:	1
id:	1
text:	VLE 90 K
par[1]:	  2.84037248e+02
par[2]:	  2.61059450e+02
par[3]:	  1.27904461e+00
