name1:	carbon_dioxide
id1:	1
name2:	butane
id2:	1
id:	2
text:	fixed (Xiang)
par[1]:	  3.81354631e+02
par[2]:	  1.74520400e+02
par[3]:	  2.50000000e-01
