name1:	carbon_dioxide
id1:	1
name2:	propane
id2:	1
id:	1
text:	1
par[1]:	  2.95555919e+02
par[2]:	  1.47061720e+02
par[3]:	  1.00000000e+00
