name1:	ethane
id1:	1
name2:	methanol
id2:	1
id:	2
text:	fixed (Xiang)
par[1]:	  3.81865369e+02
par[2]:	  1.31750000e+02
par[3]:	  2.50000000e-01
