name1:	hydrogen
id1:	1
name2:	heptane
id2:	1
id:	2
text:	fixed (Xiang)
par[1]:	  3.70727407e+02
par[2]:	  2.46500000e+02
par[3]:	  2.50000000e-01
