name1:	hydrogen
id1:	1
name2:	nitrogen
id2:	1
id:	1
text:	1
par[1]:	  6.91846595e+01
par[2]:	  7.75500000e+01
par[3]:	  1.00000000e+00
