name1:	hydrogen
id1:	1
name2:	methane
id2:	1
id:	1
text:	1
par[1]:	  9.26588689e+01
par[2]:	  8.18150000e+01
par[3]:	  1.00000000e+00
