name1:	methane
id1:	1
name2:	krypton
id2:	1
id:	1
text:	VLE    90  K     
par[1]:	  1.98713223e+02
par[2]:	  9.49150000e+01
par[3]:	  1.00000000e+00
