name1:	methane
id1:	1
name2:	propane
id2:	1
id:	2
text:	VLE 311 K
par[1]:	  2.87809950e+02
par[2]:	  1.49317270e+02
par[3]:	  2.50000000e-01
