name1:	methane
id1:	1
name2:	decane
id2:	1
id:	1
text:	VLE    90  K     
par[1]:	  3.44415112e+02
par[2]:	  3.53815000e+02
par[3]:	  1.00000000e+00
