name1:	neon
id1:	1
name2:	argon
id2:	1
id:	1
text:	VLE    90  K     
par[1]:	  7.19938309e+01
par[2]:	  5.81427500e+01
par[3]:	  1.00000000e+00
