name1:	neon
id1:	1
name2:	krypton
id2:	1
id:	1
text:	1
par[1]:	  6.84269645e+01
par[2]:	  6.64500000e+01
par[3]:	  1.00000000e+00
