name1:	nitrogen
id1:	1
name2:	methane
id2:	1
id:	1
text:	1
par[1]:	  1.51117828e+02
par[2]:	  9.43650000e+01
par[3]:	  1.00000000e+00
