name1:	nitrogen
id1:	1
name2:	carbon_dioxide
id2:	1
id:	1
text:	1
par[1]:	  2.11771216e+02
par[2]:	  9.21094500e+01
par[3]:	  1.00000000e+00
