name1:	R32
id1:	1
name2:	sulfur_dioxide
id2:	1
id:	1
text:	1
par[1]:	  3.84252355e+02
par[2]:	  1.21775500e+02
par[3]:	  1.00000000e+00
