name1:	sulphur_dioxide
id1:	1
name2:	benzene
id2:	1
id:	1
text:	fixed (Xiang)
par[1]:	  4.58804796e+02
par[2]:	  1.89000000e+02
par[3]:	  1.00000000e+00
