name:	carbon_dioxide
id:	2
theory:	2
quality:	r.m.s. dev.  1.5019e-02
text:	SEQC data base
a[0]:	 2.88832734e-07
a[1]:	-6.25127129e-07
a[2]:	 0.00000000e+00
A[0]:	-1.33799125e-10
A[1]:	 1.58304818e-10
A[2]:	 0.00000000e+00
b[0]:	 3.50575359e-07
b[1]:	-4.59226339e-07
b[2]:	 0.00000000e+00
B[0]:	 1.38933768e-09
B[1]:	-1.78334457e-10
B[2]:	 0.00000000e+00
D[0]:	 0.00000000e+00
D[1]:	 0.00000000e+00
D[2]:	 0.00000000e+00
c[0]:	 3.21470972e-07
c[1]:	-2.79905981e-07
c[2]:	 0.00000000e+00
C[0]:	 4.52640149e-08
C[1]:	-2.73317379e-08
C[2]:	 0.00000000e+00
