name:	argon
id:	1
text:	crit
pc:	4.701627
Tc:	150.018026
vc:	90.988401
par[0]:	3.9948000e+01
par[1]:	1.1345931e+02
par[2]:	2.4664254e+01
par[3]:	-3.1091444e-01
par[4]:	-4.3842156e-01
par[5]:	-4.2875000e-03 
