name1:	carbon_dioxide
id1:	1
name2:	hexadecane
id2:	1
id:	3
text:	k12 = 0.20, l12 = 0.0
par[1]:	  1.44244540e+02
par[2]:	  1.79840293e+02
