name1:	carbon_dioxide
id1:	1
name2:	phenanthrene_PR
id2:	1
id:	1
text:	SGE 318-338 K
par[1]:	  2.64504159e+02
par[2]:	  9.88008130e+01
