name1:	carbon_dioxide
id1:	1
name2:	hexadecane
id2:	1
id:	1
text:	VLE 313 Rathke
par[1]:	  1.95360185e+02
par[2]:	  2.11881064e+02
