name1:	carbon_dioxide
id1:	1
name2:	water
id2:	2
id:	1
text:	VLE 323-373 K
Ts:   3.44829104e+02 K
vs:   2.30088742e+01 cm3/mol
