name1:	nitrous_oxide
id1:	1
name2:	TDI24
id2:	1
id:	1
text:	VLE 323 K
par[1]:	  2.65000000e+02
par[2]:	  8.02451309e+01
