name1:	ethanol
id1:	1
name2:	water
id2:	1
id:	1
text:	VLE 360K
par[1]:	  4.16359982e+02
par[2]:	  3.32255236e+01
