name1:	hexane
id1:	1
name2:	hexadecane
id2:	1
id:	3
text:	k12 = 0, l12 = 0
par[1]:	  4.44675292e+02
par[2]:	  2.20645545e+02
