name1:	methane
id1:	2
name2:	propane
id2:	1
id:	2
text:	VLE 311 K
par[1]:	  1.76032681e+02
par[2]:	  4.15447590e+01
