name1:	methane
id1:	1
name2:	water
id2:	1
id:	1
text:	kH 373-400 K
Ts:   3.13017112e+02 K
vs:   2.13923651e+01 cm3/mol
