name1:	methane
id1:	1
name2:	propane
id2:	1
id:	1
text:	VLE 311 K, CH4:1
Ts:   1.74540263e+02 K
vs:   4.15682174e+01 cm3/mol
