name1:	neon
id1:	1
name2:	krypton
id2:	2
id:	1
text:	VLE 163
par[1]:	  5.29760085e+01
par[2]:	  1.99947375e+01
