name1:	methane
id1:	1
name2:	propane
id2:	1
id:	1
text:	VLE 311 K
Ts:   2.99016767e+02 K
vs:   2.49761257e+01 cm3/mol
