name1:	argon
id1:	1
name2:	carbon_dioxide
id2:	3
id:	2
text:	VLE
par[1]:	1.7180378e+02
par[2]:	1.8498080e+01
par[3]:	9.6527472e-01
