name1:	carbon_dioxide
id1:	1
name2:	propane
id2:	2
id:	1
text:	VLE 270-330 K
par[1]:	  2.89126945e+02
par[2]:	  3.22269860e+01
par[3]:	  1.35917257e+00
