name1:	carbon_dioxide
id1:	1
name2:	hexadecane
id2:	3
id:	4
text:	VLE 313-333 K/man
par[1]:	2.7239165e+02
par[2]:	1.1399070e+02
par[3]:	2.4197668e+00
