name1:	carbon_dioxide
id1:	1
name2:	caffeine
id2:	2
id:	3
text:	SGE Ebeling
par[1]:	  6.83592030e+02
par[2]:	  6.92236270e+01
par[3]:	  1.38352084e+00
