name1:	ethane
id1:	1
name2:	propane
id2:	2
id:	1
text:	VLE 283-311
par[1]:	  2.94501008e+02
par[2]:	  3.73544463e+01
par[3]:	  1.57678111e+00
