name1:	hydrogen
id1:	1
name2:	oxygen
id2:	1
id:	1
text:	estimated
par[1]:	4.9744002e+01
par[2]:	1.4158167e+01
par[3]:	1.3831152e+00
