name1:	hydrogen
id1:	1
name2:	methane
id2:	1
id:	1
text:	VLE
par[1]:	5.9317253e+01
par[2]:	1.6835117e+01
par[3]:	1.3686286e+00
