name1:	neon
id1:	1
name2:	argon
id2:	1
id:	1
text:	VLE
par[1]:	5.7940541e+01
par[2]:	1.2728478e+01
par[3]:	1.1002302e+00
