name1:	neon
id1:	1
name2:	oxygen
id2:	1
id:	1
text:	VLE
par[1]:	5.0399041e+01
par[2]:	1.2671170e+01
par[3]:	1.2977229e+00
