name1:	oxygen
id1:	1
name2:	sulphur_hexafluoride
id2:	1
id:	1
text:	VLE
par[1]:	1.8545561e+02
par[2]:	2.9765517e+01
par[3]:	9.9457404e-01
