name1:	R14
id1:	1
name2:	pentane
id2:	1
id:	1
text:	crit 250 K, 30-60 MPa
Ts:   2.50000000e+02 K
vs:   5.08075835e+01 cm3/mol
R21:  1.0
