name1:	xenon
id1:	1
name2:	ethylene_oxide
id2:	1
id:	1
text:	VLE
par[1]:	1.8232681e+02
par[2]:	2.8117847e+01
par[3]:	1.8980536e+00
