name1:	carbon_dioxide
id1:	13
name2:	n-octane
id2:	13
id:	3
text:	3pure params fit, JPCB112 London CR 
par[1]:	  1.91061433e+02
par[2]:	  1.33849179e+01
