name1:	carbon_dioxide
id1:	13
name2:	methylbutane
id2:	13
id:	3
text:	3pure params fit, JPCB112 London CR 
par[1]:	  1.88416064e+02
par[2]:	  1.35706304e+01
