name1:	carbon_dioxide
id1:	13
name2:	benzene
id2:	13
id:	3
text:	3pure params fit, JPCB112 London CR 
par[1]:	  2.11487605e+02
par[2]:	  1.41461306e+01
