name1:	carbon_dioxide
id1:	13
name2:	dimethylpropane
id2:	13
id:	3
text:	3pure params fit, JPCB112 London CR 
par[1]:	  1.82899330e+02
par[2]:	  1.39633166e+01
