name1:	ethane
id1:	13
name2:	pentane
id2:	13
id:	3
text:	3pure params fit, JPCB112 London CR 
par[1]:	  2.09322077e+02
par[2]:	  1.52544690e+01
