name1:	carbon_dioxide
id1:	1
name2:	propane
id2:	1
id:	1
text:	testing
par[1]:	  3.13114000e+02
par[2]:	  3.14790000e+01
