name1:	methane
id1:	1
name2:	carbon_dioxide
id2:	1
id:	1
text:	219.26 K; Boublik & Lu
par[1]:	  2.15322000e+02
par[2]:	  2.07935000e+01
