name1:	carbon_dioxide
id1:	1
name2:	adamantane
id2:	2
id:	2
text:	SGE 343 K
par[1]:	3.2242488e+02
par[2]:	6.2394764e+01
par[3]:	2.4825984e+00
