name1:	carbon_dioxide
id1:	1
name2:	adamantane
id2:	1
id:	1
text:	SFE
par[1]:	3.0813407e+02
par[2]:	6.4270146e+01
par[3]:	2.4338020e+00
