name1:	ethene
id1:	1
name2:	naphthalene
id2:	4
id:	4
text:	SGE 298-318 K
par[1]:	3.8447109e+02
par[2]:	5.6889130e+01
par[3]:	1.7202811e+00
