name1:	neon
id1:	1
name2:	nitrogen
id2:	1
id:	1
text:	VLE
par[1]:	4.6662794e+01
par[2]:	1.4411363e+01
par[3]:	1.2575849e+00
