name1:	sulphur_hexafluoride
id1:	1
name2:	water
id2:	2
id:	1
text:	VLE
par[1]:	5.4881844e+02
par[2]:	2.8309015e+01
par[3]:	5.0492480e-01
