name1:	xenon
id1:	1
name2:	propane
id2:	1
id:	1
text:	VLE
par[1]:	2.4996619e+02
par[2]:	3.5251398e+01
par[3]:	8.5824880e-01
