name1:	argon
id1:	1
name2:	carbon_dioxide
id2:	1
id:	10
text:	VLE 240-300
par[1]:	  1.55218817e+02
par[2]:	  2.59360930e+01
