name1:	carbon_dioxide
id1:	1
name2:	adamantane
id2:	1
id:	1
text:	BL rules
par[1]:	3.8289408e+02
par[2]:	7.9944985e+01 
