name1:	carbon_dioxide
id1:	1
name2:	hexadecane
id2:	2
id:	2
text:	VLE 313 K Rathke
par[1]:	2.6213449e+02
par[2]:	1.4611171e+02 
