name1:	nitrogen
id1:	1
name2:	methane
id2:	1
id:	1
text:	guesswork
par[1]:	1.1235966e+02
par[2]:	2.8305859e+01 
