name:	nitrogen
id:	2
text:	crit, acentric
pc:	 3.40000000e+00
Tc:	 1.26200000e+02
vc:	 9.77066770e+01
M:   2.80130000e+01 g/mol
Ts:  1.05881108e+02 K
vs:  2.86871924e+01 cm3/mol
C:   5.40087923e-01 cm3/mol
D:   8.39901659e-01 cm3/mol
m1:  8.16367930e-01 cm3/mol
m2:  4.75000000e-01 cm3/mol
