name:	nitrogen
id:	1
text:	crit, VLE
pc:	 3.39576855e+00
Tc:	 1.26192245e+02
vc:	 9.77765635e+01
M:   2.80134800e+01 g/mol
Ts:  1.06828856e+02 K
vs:  2.83483993e+01 cm3/mol
C:   5.52042501e-01 cm3/mol
D:   8.07598134e-01 cm3/mol
m1:  8.38539061e-01 cm3/mol
m2:  3.40452502e-01 cm3/mol
