name:	krypton
id:	2
text:	VLE 120-163 K
pc:	6.711405
Tc:	219.225544
vc:	81.477118
par[0]:	 8.3800000e+01
par[1]:	 1.6238919e+02
par[2]:	 2.8517030e+01
