name:	neon
id:	1
text:	crit
pc:	2.654000
Tc:	44.400000
vc:	41.729197
par[0]:	 2.0183000e+01
par[1]:	 3.2888868e+01
par[2]:	 1.4605239e+01
