name:	oxygen
id:	1
text:	crit
pc:	 5.04600000e+00
Tc:	 1.54999000e+02
vc:	 7.66192055e+01
par[0]:	 3.19988000e+01
par[1]:	 1.14814002e+02
par[2]:	 2.68167580e+01
