name:	1,2-butylene_oxide
id:	11
text:	PC-SAFT2006 mit 1-Parameter Fit
pc:	 5.18454745e+00
Tc:	 5.37980430e+02
vc:	 2.66720797e+02
par[0]:	 7.21070000e+01
par[1]:	 2.67815700e+02
par[2]:	 1.60222870e+01
par[3]:	 2.35405200e+00
par[4]:	 5.87469000e+00
par[5]:	 1.95639000e+00
par[6]:	 7.79300000e+00
