name:	1,2-propylene_oxide
id:	13
text:	CoM, exp. Daubert & Danner; 3 parameters fitted
pc:	 6.16403576e+00
Tc:	 5.00801502e+02
vc:	 2.07369601e+02
par[0]:	 5.80800000e+01
par[1]:	 2.54114000e+02
par[2]:	 1.34123000e+01
par[3]:	 2.17438000e+00
par[4]:	 4.83920000e+00
par[5]:	 1.99530000e+00
par[6]:	 6.02310000e+00
