name:	1,3-propylene_oxide
id:	10
text:	CoM, exp. data Daubert and Danner all parameters predicted
pc:	 5.65625688e+00
Tc:	 4.73741454e+02
vc:	 2.13518535e+02
par[0]:	 5.80800000e+01
par[1]:	 2.49496930e+02
par[2]:	 1.49030050e+01
par[3]:	 2.00802600e+00
par[4]:	 4.51430000e+00
par[5]:	 2.03120000e+00
par[6]:	 5.91130000e+00
