name:	1,3-cyclohexadiene
id:	10
text:	CoM (exp. Data: Daubert und Danner) all parameters predicted
pc:	 4.76022224e+00
Tc:	 5.56321597e+02
vc:	 3.01775010e+02
par[0]:	 8.01300000e+01
par[1]:	 2.80439202e+02
par[2]:	 1.76953440e+01
par[3]:	 2.41936400e+00
par[4]:	 4.77700000e+00
par[5]:	 4.58300000e-01
par[6]:	 1.02868000e+01
