name:	1,4-dioxane
id:	10
text:	data of Daubert & Danner all parameters predicted
pc:	 4.91604085e+00
Tc:	 5.72344721e+02
vc:	 2.89803131e+02
par[0]:	 8.81060000e+01
par[1]:	 2.84638909e+02
par[2]:	 2.08165920e+01
par[3]:	 2.07165900e+00
par[4]:	 1.11080000e+01
par[5]:	 2.80000000e-04
par[6]:	 8.35860000e+00
