name:	1-hexene
id:	13
text:	exp. Daubert & Danner; 3 parameters fitted
pc:	 3.67575069e+00
Tc:	 5.13472370e+02
vc:	 3.59275925e+02
par[0]:	 8.41610000e+01
par[1]:	 2.37027000e+02
par[2]:	 1.70253000e+01
par[3]:	 2.96535000e+00
par[4]:	 3.35750000e+00
par[5]:	 4.09600000e-01
par[6]:	 1.14315000e+01
