name:	1-hexene
id:	11
text:	PC-SAFT2006 mit 1-Parameter Fit
pc:	 3.85552606e+00
Tc:	 5.16248980e+02
vc:	 3.44344179e+02
par[0]:	 8.41610000e+01
par[1]:	 2.37830600e+02
par[2]:	 1.62435280e+01
par[3]:	 2.97838000e+00
par[4]:	 3.35750000e+00
par[5]:	 4.09600000e-01
par[6]:	 1.14315000e+01
