name:	2,2,4-trimethylpentane
id:	10
text:	PC-SAFTP, CoM; exp. Daubert & Danner; all parameters predicted
pc:	 3.55959111e+00
Tc:	 6.32938258e+02
vc:	 4.56345586e+02
par[0]:	 1.14230000e+02
par[1]:	 2.80854634e+02
par[2]:	 1.95513110e+01
par[3]:	 3.25971600e+00
par[4]:	 7.10070000e-01
par[5]:	 1.26880000e-01
par[6]:	 1.49097000e+01
