name:	2-methyl-1,3-butadiene
id:	11
text:	PC-SAFT2006 mit 1-Parameter Fit
pc:	 4.52077766e+00
Tc:	 4.85594339e+02
vc:	 2.77111305e+02
par[0]:	 6.81180000e+01
par[1]:	 2.42408700e+02
par[2]:	 1.62080270e+01
par[3]:	 2.43486100e+00
par[4]:	 5.29740000e+00
par[5]:	 2.57840000e-01
par[6]:	 9.75270000e+00
