name:	benzene
id:	13
text:	CoM, VLE (Vargaftik); 3 parameters fitted
pc:	 5.42512861e+00
Tc:	 5.70250581e+02
vc:	 2.70149455e+02
par[0]:	 7.81140000e+01
par[1]:	 3.03647000e+02
par[2]:	 1.95351000e+01
par[3]:	 2.00748000e+00
par[4]:	 7.99170000e+00
par[5]:	 0.00000000e+00
par[6]:	 1.02035000e+01
