name:	butane
id:	10
text:	CoM (gemittelt); exp. data Daubert and Danner all parameters predicted
pc:	 4.13355883e+00
Tc:	 4.31657698e+02
vc:	 2.69501026e+02
par[0]:	 5.81230000e+01
par[1]:	 2.14851726e+02
par[2]:	 1.51685220e+01
par[3]:	 2.51102900e+00
par[4]:	 1.10500000e+00
par[5]:	 5.00000000e-02
par[6]:	 7.78200000e+00
