name:	butane
id:	11
text:	PC-SAFT2006 mit 1-Parameter Fit
pc:	 4.10129433e+00
Tc:	 4.28288224e+02
vc:	 2.69500918e+02
par[0]:	 5.81230000e+01
par[1]:	 2.13174500e+02
par[2]:	 1.51685220e+01
par[3]:	 2.51102900e+00
par[4]:	 1.10500000e+00
par[5]:	 5.00000000e-02
par[6]:	 7.78200000e+00
