name:	carbon_dioxide
id:	10
text:	CoM, VLE (NIST/Span); all parameters predicted
pc:	 6.98632118e+00
Tc:	 2.99078054e+02
vc:	 1.11097856e+02
par[0]:	 4.41100000e+01
par[1]:	 1.92341065e+02
par[2]:	 1.53913530e+01
par[3]:	 1.09421200e+00
par[4]:	 4.31910000e+00
par[5]:	 0.00000000e+00
par[6]:	 2.55820000e+00
