name:	carbon_monoxide
id:	11
text:	PC-SAFT2006 mit 1-Parameter Fit
pc:	 3.91201872e+00
Tc:	 1.34600805e+02
vc:	 9.04241699e+01
par[0]:	 2.80100000e+01
par[1]:	 9.35721300e+01
par[2]:	 1.29768950e+01
par[3]:	 1.04484700e+00
par[4]:	 2.11800000e+00
par[5]:	 3.00100000e-01
par[6]:	 1.92340000e+00
