name:	cyclohexene
id:	13
text:	(exp. Daubert & Danner); 3 parameters fitted
pc:	 4.84815197e+00
Tc:	 5.68655883e+02
vc:	 3.02698224e+02
par[0]:	 8.21450000e+01
par[1]:	 2.82884000e+02
par[2]:	 1.70232000e+01
par[3]:	 2.51324000e+00
par[4]:	 2.08740000e+00
par[5]:	 3.44100000e-01
par[6]:	 1.03089000e+01
