name:	cyclopentane
id:	11
text:	PC-SAFT2006 mit 1-Parameter Fit
pc:	 4.47701872e+00
Tc:	 5.12135181e+02
vc:	 2.95382619e+02
par[0]:	 7.01340000e+01
par[1]:	 2.57986400e+02
par[2]:	 1.70773770e+01
par[3]:	 2.44613600e+00
par[4]:	 1.98740000e+00
par[5]:	 1.63100000e-03
par[6]:	 8.73370000e+00
