name:	cyclohexene
id:	11
text:	PC-SAFT2006 mit 1-Parameter Fit
pc:	 4.49720826e+00
Tc:	 5.63671209e+02
vc:	 3.23395975e+02
par[0]:	 8.21450000e+01
par[1]:	 2.79220200e+02
par[2]:	 1.80155600e+01
par[3]:	 2.53657700e+00
par[4]:	 2.08740000e+00
par[5]:	 3.44100000e-01
par[6]:	 1.03089000e+01
