name:	diethylether
id:	13
text:	CoM (gemittelt) (DEE) data of Daubert & Danner; 3 parameters fitted
pc:	 4.21165287e+00
Tc:	 4.74672657e+02
vc:	 2.89634945e+02
par[0]:	 7.41230000e+01
par[1]:	 2.15976000e+02
par[2]:	 1.32998000e+01
par[3]:	 3.05199000e+00
par[4]:	 3.02820000e+00
par[5]:	 1.15849000e+00
par[6]:	 8.63240000e+00
