name:	diethylether
id:	10
text:	CoM (gemittelt) (DEE) data of Daubert & Danner all parameters predicted
pc:	 4.02842924e+00
Tc:	 4.58505089e+02
vc:	 2.93305816e+02
par[0]:	 7.41230000e+01
par[1]:	 2.21128069e+02
par[2]:	 1.54756960e+01
par[3]:	 2.67192900e+00
par[4]:	 3.02820000e+00
par[5]:	 1.15849000e+00
par[6]:	 8.63240000e+00
