name:	diethylether
id:	11
text:	PC-SAFT2006 mit 1-Parameter Fit
pc:	 4.22617234e+00
Tc:	 4.80967763e+02
vc:	 2.93286443e+02
par[0]:	 7.41230000e+01
par[1]:	 2.32026600e+02
par[2]:	 1.54756960e+01
par[3]:	 2.67192900e+00
par[4]:	 3.02820000e+00
par[5]:	 1.15849000e+00
par[6]:	 8.63240000e+00
