name:	dimethyl_ether
id:	13
text:	CoM, data of Daubert & Danner; 3 parameters fitted
pc:	 5.83646514e+00
Tc:	 4.07285361e+02
vc:	 1.80184390e+02
par[0]:	 4.60690000e+01
par[1]:	 2.19085000e+02
par[2]:	 1.26507000e+01
par[3]:	 2.01862000e+00
par[4]:	 3.52260000e+00
par[5]:	 1.31460000e+00
par[6]:	 4.95130000e+00
