name:	dimethyl_ether
id:	10
text:	CoM, data of Daubert & Danner all parameters predicted
pc:	 5.12462245e+00
Tc:	 3.79485779e+02
vc:	 1.91443527e+02
par[0]:	 4.60690000e+01
par[1]:	 2.07647695e+02
par[2]:	 1.38925420e+01
par[3]:	 1.95185800e+00
par[4]:	 3.52260000e+00
par[5]:	 1.31460000e+00
par[6]:	 4.95130000e+00
