name:	dimethylpropane
id:	13
text:	CoM, Data Daubert & Danner; 3 parameters fitted
pc:	 3.50037412e+00
Tc:	 4.39185477e+02
vc:	 3.24114075e+02
par[0]:	 7.21510000e+01
par[1]:	 2.23158000e+02
par[2]:	 1.90833000e+01
par[3]:	 2.40233000e+00
par[4]:	 0.00000000e+00
par[5]:	 0.00000000e+00
par[6]:	 9.62160000e+00
