name:	dimethylpropane
id:	11
text:	PC-SAFT2006 mit 1-Parameter Fit
pc:	 3.50595371e+00
Tc:	 4.35073308e+02
vc:	 3.19911160e+02
par[0]:	 7.21510000e+01
par[1]:	 2.11456700e+02
par[2]:	 1.70680920e+01
par[3]:	 2.64519700e+00
par[4]:	 0.00000000e+00
par[5]:	 0.00000000e+00
par[6]:	 9.62160000e+00
