name:	dimethyl_carbonate
id:	13
text:	CoM, data of Daubert & Danner; 3 parameters fitted
pc:	 4.51269620e+00
Tc:	 5.47502427e+02
vc:	 2.47782337e+02
par[0]:	 9.00790000e+01
par[1]:	 2.57404000e+02
par[2]:	 2.41010000e+01
par[3]:	 1.72846000e+00
par[4]:	 1.47430000e+01
par[5]:	 3.18410000e-01
par[6]:	 7.47300000e+00
