name:	divinyl_ether
id:	10
text:	CoM, data of Daubert & Danner all parameters predicted
pc:	 5.03478957e+00
Tc:	 4.88637309e+02
vc:	 2.49265900e+02
par[0]:	 7.00910000e+01
par[1]:	 2.42860020e+02
par[2]:	 1.53783710e+01
par[3]:	 2.33062800e+00
par[4]:	 6.54980000e+00
par[5]:	 1.20490000e+00
par[6]:	 8.91210000e+00
