name:	ethene
id:	10
text:	CoM, exp. data of Daubert & Danner all parameters predicted
pc:	 5.67527487e+00
Tc:	 3.05776851e+02
vc:	 1.40619671e+02
par[0]:	 2.80540000e+01
par[1]:	 1.89648207e+02
par[2]:	 1.33531450e+01
par[3]:	 1.52100400e+00
par[4]:	 3.34870000e+00
par[5]:	 0.00000000e+00
par[6]:	 4.00710000e+00
