name:	ethene
id:	13
text:	CoM, exp. data of Daubert & Danner; 3 parameters fitted
pc:	 5.22009280e+00
Tc:	 2.83765310e+02
vc:	 1.42180180e+02
par[0]:	 2.80540000e+01
par[1]:	 1.80273000e+02
par[2]:	 1.42283000e+01
par[3]:	 1.44668000e+00
par[4]:	 3.34870000e+00
par[5]:	 0.00000000e+00
par[6]:	 4.00710000e+00
