name:	ethylbenzene
id:	13
text:	CoM; Data of Daubert, Danner; 3 parameters fitted
pc:	 4.28304494e+00
Tc:	 6.33640272e+02
vc:	 3.80595832e+02
par[0]:	 1.06170000e+02
par[1]:	 2.95414000e+02
par[2]:	 1.90203000e+01
par[3]:	 2.83272000e+00
par[4]:	 7.80080000e+00
par[5]:	 3.75410000e-01
par[6]:	 1.40358000e+01
