name:	ethylbenzene
id:	11
text:	PC-SAFT2006 mit 1-Parameter Fit
pc:	 4.40856786e+00
Tc:	 6.35478360e+02
vc:	 3.70791948e+02
par[0]:	 1.06170000e+02
par[1]:	 2.95994600e+02
par[2]:	 1.85338170e+01
par[3]:	 2.83323900e+00
par[4]:	 7.80080000e+00
par[5]:	 3.75410000e-01
par[6]:	 1.40358000e+01
