name:	ethylene_oxide
id:	11
text:	PC-SAFT2006 mit 1-Parameter Fit
pc:	 7.83208754e+00
Tc:	 4.84202133e+02
vc:	 1.58131311e+02
par[0]:	 4.40530000e+01
par[1]:	 2.74194100e+02
par[2]:	 1.33940180e+01
par[3]:	 1.66561700e+00
par[4]:	 3.91880000e+00
par[5]:	 1.91220000e+00
par[6]:	 4.20810000e+00
