name:	heptane
id:	11
text:	PC-SAFT2006 mit 1-Parameter Fit
pc:	 3.54231909e+00
Tc:	 5.60027300e+02
vc:	 4.05719061e+02
par[0]:	 1.00200000e+02
par[1]:	 2.47944100e+02
par[2]:	 1.73220330e+01
par[3]:	 3.27152700e+00
par[4]:	 3.84530000e+00
par[5]:	 1.11100000e-01
par[6]:	 1.28928000e+01
