name:	n-hexane
id:	13
text:	CoM, exp. Daubert & Danner; 3 parameters fitted
pc:	 3.52212987e+00
Tc:	 5.18285025e+02
vc:	 3.78068972e+02
par[0]:	 8.61770000e+01
par[1]:	 2.34584000e+02
par[2]:	 1.70349000e+01
par[3]:	 3.10921000e+00
par[4]:	 2.10890000e+00
par[5]:	 0.00000000e+00
par[6]:	 1.14819000e+01
