name:	n-hexane
id:	11
text:	PC-SAFT2006 mit 1-Parameter Fit
pc:	 3.67879226e+00
Tc:	 5.20565362e+02
vc:	 3.63634526e+02
par[0]:	 8.61770000e+01
par[1]:	 2.36526600e+02
par[2]:	 1.65429160e+01
par[3]:	 3.08113300e+00
par[4]:	 2.10890000e+00
par[5]:	 0.00000000e+00
par[6]:	 1.14819000e+01
