name:	m-xylene
id:	10
text:	CoM; Data of Daubert, Danner all parameters predicted
pc:	 4.47457466e+00
Tc:	 6.45689726e+02
vc:	 3.71381835e+02
par[0]:	 1.06170000e+02
par[1]:	 3.02624941e+02
par[2]:	 1.86472960e+01
par[3]:	 2.81662100e+00
par[4]:	 7.13640000e+00
par[5]:	 3.50970000e-01
par[6]:	 1.41358000e+01
