name:	methyl_propene_ester
id:	11
text:	PC-SAFT2006 mit 1-Parameter Fit
pc:	 3.35146147e+00
Tc:	 5.09856499e+02
vc:	 3.25857271e+02
par[0]:	 8.60900000e+01
par[1]:	 1.92488800e+02
par[2]:	 1.61300520e+01
par[3]:	 2.60456300e+00
par[4]:	 1.00273000e+01
par[5]:	 4.28757000e+00
par[6]:	 1.02697000e+01
