name:	methyl_propionate
id:	13
text:	CoM (gemittelt), data Daubert & Danner; 3 parameters fitted
pc:	 4.67179738e+00
Tc:	 5.44038889e+02
vc:	 2.94410218e+02
par[0]:	 8.81060000e+01
par[1]:	 2.54523000e+02
par[2]:	 1.73817000e+01
par[3]:	 2.45229000e+00
par[4]:	 9.72175000e+00
par[5]:	 1.72615000e+00
par[6]:	 8.57480000e+00
