name:	methyl_propyl_ether
id:	13
text:	CoM (gemittelt) data Daubert & Danner; 3 parameters fitted
pc:	 4.31111397e+00
Tc:	 4.85853611e+02
vc:	 2.89988847e+02
par[0]:	 7.41230000e+01
par[1]:	 2.26707000e+02
par[2]:	 1.42189000e+01
par[3]:	 2.86957000e+00
par[4]:	 3.74956000e+00
par[5]:	 1.17469000e+00
par[6]:	 8.55020000e+00
