name:	methylcyclohexane
id:	11
text:	PC-SAFT2006 mit 1-Parameter Fit
pc:	 3.80508966e+00
Tc:	 5.75917424e+02
vc:	 3.89608980e+02
par[0]:	 9.81880000e+01
par[1]:	 2.71030700e+02
par[2]:	 1.92901830e+01
par[3]:	 2.84265500e+00
par[4]:	 3.69260000e-01
par[5]:	 6.61730000e-02
par[6]:	 1.21894000e+01
