name:	methyl_phenyl_ether
id:	13
text:	CoM, exp. Daubert & Danner; 3 parameters fitted
pc:	 4.85547422e+00
Tc:	 6.60689262e+02
vc:	 3.47729261e+02
par[0]:	 1.08140000e+02
par[1]:	 3.03451000e+02
par[2]:	 1.82369000e+01
par[3]:	 2.73234000e+00
par[4]:	 1.06760000e+01
par[5]:	 1.31480000e+00
par[6]:	 1.30396000e+01
