name:	methyl-phenyl_ketone
id:	10
text:	CoM (exp. Data: Daubert und Danner) all parameters predicted
pc:	 4.92697501e+00
Tc:	 7.16679154e+02
vc:	 3.69408495e+02
par[0]:	 1.20150000e+02
par[1]:	 3.23290209e+02
par[2]:	 1.91585110e+01
par[3]:	 2.72857100e+00
par[4]:	 1.17470000e+01
par[5]:	 2.93330000e+00
par[6]:	 1.43968000e+01
