name:	methyl_vinylether
id:	13
text:	CoM, data Daubert & Danner; 3 parameters fitted
pc:	 5.36564527e+00
Tc:	 4.43788530e+02
vc:	 2.11737354e+02
par[0]:	 5.80800000e+01
par[1]:	 2.14097000e+02
par[2]:	 1.21338000e+01
par[3]:	 2.46387000e+00
par[4]:	 4.80410000e+00
par[5]:	 1.71680000e+00
par[6]:	 6.84330000e+00
