name:	methylbutane
id:	10
text:	CoM; exp. data Daubert and Danner all parameters predicted
pc:	 4.03292062e+00
Tc:	 4.98501166e+02
vc:	 3.18525272e+02
par[0]:	 7.21500000e+01
par[1]:	 2.40125059e+02
par[2]:	 1.66508600e+01
par[3]:	 2.69799200e+00
par[4]:	 1.11240000e+00
par[5]:	 1.00350000e-01
par[6]:	 9.56660000e+00
