name:	methylpropene
id:	13
text:	CoM; exp. Daubert & Danner; 3 parameters fitted
pc:	 4.43535959e+00
Tc:	 4.24023712e+02
vc:	 2.47114689e+02
par[0]:	 5.61070000e+01
par[1]:	 2.18178000e+02
par[2]:	 1.49828000e+01
par[3]:	 2.33486000e+00
par[4]:	 2.19780000e+00
par[5]:	 4.85600000e-01
par[6]:	 7.69830000e+00
