name:	methyl_phenyl_ether
id:	10
text:	CoM, exp. data Daubert and Danner all parameters predicted
pc:	 4.82183776e+00
Tc:	 6.52585268e+02
vc:	 3.45984405e+02
par[0]:	 1.08140000e+02
par[1]:	 3.06242380e+02
par[2]:	 1.91562300e+01
par[3]:	 2.59718300e+00
par[4]:	 1.06760000e+01
par[5]:	 1.31480000e+00
par[6]:	 1.30396000e+01
