name:	methylpropane
id:	10
text:	CoM; exp. data Daubert and Danner all parameters predicted
pc:	 4.28434091e+00
Tc:	 4.49158026e+02
vc:	 2.70719534e+02
par[0]:	 5.81230000e+01
par[1]:	 2.26456646e+02
par[2]:	 1.56725020e+01
par[3]:	 2.44258600e+00
par[4]:	 6.82000000e-01
par[5]:	 1.39900000e-01
par[6]:	 7.81430000e+00
