name:	methyl_isopropyl_ether
id:	13
text:	CoM, data Daubert & Danner; 3 parameters fitted
pc:	 4.20453529e+00
Tc:	 4.72987007e+02
vc:	 2.89623838e+02
par[0]:	 7.41230000e+01
par[1]:	 2.23805000e+02
par[2]:	 1.46815000e+01
par[3]:	 2.77723000e+00
par[4]:	 3.56190000e+00
par[5]:	 1.27700000e+00
par[6]:	 8.52170000e+00
