name:	o-xylene
id:	13
text:	CoM; Data Daubert & Danner; 3 parameters fitted
pc:	 4.43836714e+00
Tc:	 6.46921764e+02
vc:	 3.74832162e+02
par[0]:	 1.06170000e+02
par[1]:	 2.97649000e+02
par[2]:	 1.79445000e+01
par[3]:	 2.94550000e+00
par[4]:	 6.89690000e+00
par[5]:	 6.43300000e-01
par[6]:	 1.40414000e+01
