name:	o-xylene
id:	10
text:	CoM; Data of Daubert, Danner all parameters predicted
pc:	 4.52163172e+00
Tc:	 6.55543943e+02
vc:	 3.73340802e+02
par[0]:	 1.06170000e+02
par[1]:	 3.10913016e+02
par[2]:	 1.92063930e+01
par[3]:	 2.75015900e+00
par[4]:	 6.89690000e+00
par[5]:	 6.43300000e-01
par[6]:	 1.40414000e+01
