name:	pentane
id:	11
text:	PC-SAFT2006 mit 1-Parameter Fit
pc:	 3.87936119e+00
Tc:	 4.77669076e+02
vc:	 3.17014538e+02
par[0]:	 7.21510000e+01
par[1]:	 2.25655900e+02
par[2]:	 1.58407070e+01
par[3]:	 2.81784300e+00
par[4]:	 1.48610000e+00
par[5]:	 8.93000000e-02
par[6]:	 9.63790000e+00
