name:	pentane
id:	10
text:	CoM; Data of p: Ambrose+Walton; Data of Vm: Cibulka all parameters predicted
pc:	 3.85485736e+00
Tc:	 4.74651683e+02
vc:	 3.17014399e+02
par[0]:	 7.21510000e+01
par[1]:	 2.24230300e+02
par[2]:	 1.58407070e+01
par[3]:	 2.81784300e+00
par[4]:	 1.48610000e+00
par[5]:	 8.93000000e-02
par[6]:	 9.63790000e+00
