name:	pentane
id:	13
text:	CoM; Data p: Ambrose+Walton; Data Vm: Cibulka; 3 parameters fitted
pc:	 3.84813927e+00
Tc:	 4.79309834e+02
vc:	 3.20982414e+02
par[0]:	 7.21510000e+01
par[1]:	 2.31085000e+02
par[2]:	 1.68152000e+01
par[3]:	 2.69249000e+00
par[4]:	 1.48610000e+00
par[5]:	 8.93000000e-02
par[6]:	 9.63790000e+00
