name:	propyne
id:	13
text:	CoM, exp. Daubert et al 1997; 3 parameters fitted
pc:	 6.11633208e+00
Tc:	 4.07736372e+02
vc:	 1.70256568e+02
par[0]:	 4.00650000e+01
par[1]:	 2.21350000e+02
par[2]:	 1.35793000e+01
par[3]:	 1.84118000e+00
par[4]:	 5.42630000e+00
par[5]:	 7.28300000e-01
par[6]:	 5.21040000e+00
