name:	propadiene
id:	11
text:	PC-SAFT2006 mit 1-Parameter Fit
pc:	 5.90138264e+00
Tc:	 3.95204829e+02
vc:	 1.73644095e+02
par[0]:	 4.00650000e+01
par[1]:	 2.23638000e+02
par[2]:	 1.34978480e+01
par[3]:	 1.84701800e+00
par[4]:	 3.89930000e+00
par[5]:	 5.00000000e-04
par[6]:	 5.89060000e+00
