name:	propadiene
id:	13
text:	CoM, exp. Daubert et al 1997; 3 parameters fitted
pc:	 5.92091763e+00
Tc:	 3.97471109e+02
vc:	 1.74312523e+02
par[0]:	 4.00650000e+01
par[1]:	 2.28846000e+02
par[2]:	 1.39767000e+01
par[3]:	 1.78906000e+00
par[4]:	 3.89930000e+00
par[5]:	 5.00000000e-04
par[6]:	 5.89060000e+00
