name:	propene
id:	10
text:	CoM; exp data Daubert et al 1997 all parameters predicted
pc:	 4.91294139e+00
Tc:	 3.75536254e+02
vc:	 1.98301344e+02
par[0]:	 4.20810000e+01
par[1]:	 2.07556030e+02
par[2]:	 1.40908890e+01
par[3]:	 1.99879800e+00
par[4]:	 2.72700000e+00
par[5]:	 3.40220000e-01
par[6]:	 5.83450000e+00
