name:	propene
id:	13
text:	CoM; exp. Daubert et al 1997; 3 parameters fitted
pc:	 4.95437281e+00
Tc:	 3.69895355e+02
vc:	 1.94073717e+02
par[0]:	 4.20810000e+01
par[1]:	 2.11032000e+02
par[2]:	 1.46958000e+01
par[3]:	 1.87495000e+00
par[4]:	 2.72700000e+00
par[5]:	 3.40220000e-01
par[6]:	 5.83450000e+00
