name:	toluene
id:	11
text:	PC-SAFT2006 mit 1-Parameter Fit
pc:	 4.79599727e+00
Tc:	 6.06423229e+02
vc:	 3.25745820e+02
par[0]:	 9.21410000e+01
par[1]:	 2.96682400e+02
par[2]:	 1.84684660e+01
par[3]:	 2.51585400e+00
par[4]:	 7.48120000e+00
par[5]:	 3.74130000e-01
par[6]:	 1.21665000e+01
