name:	trans-2-butene
id:	10
text:	CoM; exp. data Daubert and Danner all parameters predicted
pc:	 4.44563954e+00
Tc:	 4.27690775e+02
vc:	 2.48538505e+02
par[0]:	 5.61070000e+01
par[1]:	 2.17606439e+02
par[2]:	 1.47306860e+01
par[3]:	 2.38894300e+00
par[4]:	 2.56410000e+00
par[5]:	 1.00000000e-04
par[6]:	 7.74080000e+00
