name:	trioxane
id:	10
text:	CoM, data of Daubert & Danner all parameters predicted
pc:	 4.66732304e+00
Tc:	 5.02899493e+02
vc:	 2.78453711e+02
par[0]:	 9.00790000e+01
par[1]:	 2.63976702e+02
par[2]:	 1.83466060e+01
par[3]:	 2.17016300e+00
par[4]:	 5.86460000e+00
par[5]:	 7.87620000e-01
par[6]:	 7.12400000e+00
