name:	vinyl_ethanoate
id:	11
text:	PC-SAFT2006 mit 1-Parameter Fit
pc:	 4.95312819e+00
Tc:	 5.36170341e+02
vc:	 2.72103542e+02
par[0]:	 8.60900000e+01
par[1]:	 2.53445000e+02
par[2]:	 1.69260860e+01
par[3]:	 2.34047200e+00
par[4]:	 9.45945000e+00
par[5]:	 1.70917000e+00
par[6]:	 8.80170000e+00
