name;	argon
id:	1
text:	crit
pc:	4.897900
Tc:	150.860000
vc:	78.595614
par[0]:	3.9948000e+01
par[1]:	1.2842767e+02
par[2]:	2.4664501e+01
par[3]:	8.2337000e-01
par[4]:	9.9656000e-01
par[5]:	5.5420000e-01
par[6]:	1.1820000e-01 
