name1:	methane
id1:	1
name2:	propane
id2:	1
id:	1
text:	VLE 311 K
Ts:   2.58310381e+02 K
c:    1.18471028e+00
