name:	argon
id:	1
text:	crit
pc:	4.897900
Tc:	150.860000
vc:	89.125607
par[0]:	3.9948000e+01
par[1]:	1.2034709e+02
par[2]:	1.4008685e+01
par[3]:	1.0000000e+00 
