name:	ethyne
id:	1
text:	crit c=1
pc:	 6.05909750e+00
Tc:	 3.27723686e+02
vc:	 1.56508599e+02
par[0]:	 2.60380000e+01
par[1]:	 2.61438365e+02
par[2]:	 2.45998848e+01
par[3]:	 1.00000000e+00
