name:	hexane
id:	1
text:	crit, VLE 355
pc:	 3.03257817e+00
Tc:	 5.07812119e+02
vc:	 4.81711371e+02
M:   8.61770000e+01 g/mol
Ts:  7.60878257e+02 K
vs:  5.45376366e+01 cm3/mol
c:   2.52815189e+00
