name:	hydrogen
id:	1
text:	crit
pc:	 1.29640000e+00
Tc:	 3.31450000e+01
vc:	 7.39801708e+01
par[0]:	 2.01594000e+00
par[1]:	 2.64410995e+01
par[2]:	 1.16281386e+01
par[3]:	 1.00000000e+00
