name:	nitrogen
id:	1
text:	crit
pc:	3.400000
Tc:	126.200000
vc:	107.403578
par[0]:	2.8013000e+01
par[1]:	1.0067482e+02
par[2]:	1.6881601e+01
par[3]:	1.0000000e+00 
