name:	oxygen
id:	1
text:	crit
pc:	 5.04600000e+00
Tc:	 1.54999000e+02
vc:	 8.88828514e+01
par[0]:	 3.19988000e+01
par[1]:	 1.23648936e+02
par[2]:	 1.39705289e+01
par[3]:	 1.00000000e+00
