name1:	carbon_dioxide
id1:	1
name2:	ethane
id2:	1
id:	1
text:	testing CT MR
par[1]:	  2.86913000e+02
par[2]:	  2.55790000e+01
