name:	hexane
id:	2
text:	VLE 320 K
pc:	3.328683
Tc:	508.769171
vc:	451.981239
par[0]:	8.6178000e+01
par[1]:	8.7310286e+02
par[2]:	1.0910586e+02
par[3]:	9.8758935e+00 
