name:	nonane
id:	1
text:	crit, VLE 344-424K
pc:	 2.72595349e+00
Tc:	 5.76552978e+02
vc:	 6.38201840e+02
M:   1.28260000e+02 g/mol
Ts:  6.02167170e+02 K
vs:  1.97478184e+02 cm3/mol
s:   4.98074692e+00
