name:	argon2
id:	1
text:	tangent argon dimer, site parameters 119.8 K, 0.3405 nm
pc:	 3.92705787e+00
Tc:	 2.21931294e+02
vc:	 1.60317430e+02
M:   7.98960000e+01 g/mol
Ts:  1.19800000e+02 K
vs:  2.37384000e+01 cm3/mol
l:   3.40500000e-01 nm
