name:	ethane
id:	1
text:	fixed; eps/k = 100.6 K, sigma = 0.3825 nm
pc:	 4.87000000e+00
Tc:	 3.05000000e+02
vc:	 1.45000000e+02
par[0]:	 3.00698000e+01
par[1]:	 1.00600000e+02
par[2]:	 3.37011660e+01
par[3]:	 1.54000000e-01
