name1:	methane
id1:	1
name2:	carbon_dioxide
id2:	1
id:	2
text:	230.00K; Boublik & Lu
par[1]:	  2.16359000e+02
par[2]:	  2.07935000e+01
