name1:	A
id1:	1
name2:	B
id2:	1
id:	1
text:	artificial
par[1]:	1.0635007e+02
par[2]:	4.1572550e+01 
