name1:	hexane
id1:	1
name2:	water
id2:	1
id:	19
text:	crit, th=0.625
par[1]:	  1.92493397e+02
par[2]:	  1.02608928e+02
