name:	benzene
id:	1
text:	Baled et al.
pc:	 4.89500000e+00
Tc:	 5.62050000e+02
vc:	 2.99628450e+02
M:   7.81100000e+01 g/mol
Ts:  4.12921270e+02 K
vs:  7.42702031e+01 cm3/mol
c:   2.10000000e-01
