name:	cyclohexane
id:	1
text:	Baled et al.
pc:	 4.08000000e+00
Tc:	 5.53800000e+02
vc:	 3.53013141e+02
M:   8.41600000e+01 g/mol
Ts:  4.06860242e+02 K
vs:  8.77981053e+01 cm3/mol
c:   2.08000000e-01
