name:	eicosane
id:	1
text:	Baled et al.
pc:	 1.16000000e+00
Tc:	 7.68700000e+02
vc:	 1.64100504e+03
M:   2.82550000e+02 g/mol
Ts:  5.64226555e+02 K
vs:  4.28248262e+02 cm3/mol
c:   9.07000000e-01
