name:	propane
id:	1
text:	Baled et al.
pc:	 4.24800000e+00
Tc:	 3.69830000e+02
vc:	 2.28310260e+02
M:   4.41000000e+01 g/mol
Ts:  2.71703004e+02 K
vs:  5.63131712e+01 cm3/mol
c:   1.52000000e-01
