name:	1,6-hexanediol
id:	1
text:	thesis B. Schmid
pc:	 4.07999999e+00
Tc:	 7.40800000e+02
vc:	 4.49375097e+02
M:   1.18175400e+02 g/mol
Ts:  5.44243531e+02 K
vs:  1.17444631e+02 cm3/mol
c:   1.46924500e+01 cm3/mol
lT:  8.94200000e-01 cm3/mol
mT:  7.78000000e-01 cm3/mol
nT:  1.72870000e+00 cm3/mol
