name:	1-eicosanol
id:	1
text:	thesis B. Schmid
pc:	 1.15000000e+00
Tc:	 8.08000000e+02
vc:	 1.87754244e+03
M:   2.98551200e+02 g/mol
Ts:  5.93613355e+02 K
vs:  4.54470688e+02 cm3/mol
c:  -8.17592200e+01 cm3/mol
lT:  2.61370000e+00 cm3/mol
mT:  5.31260000e+00 cm3/mol
nT:  2.50500000e-01 cm3/mol
