name:	2-butanone
id:	2
text:	2
pc:	 4.15429999e+00
Tc:	 5.35600000e+02
vc:	 3.37841243e+02
M:   7.21066000e+01 g/mol
Ts:  3.93489248e+02 K
vs:  8.33940506e+01 cm3/mol
c:  -8.32024000e+00 cm3/mol
lT:  7.44600000e-01 cm3/mol
mT:  8.89300000e-01 cm3/mol
nT:  1.08050000e+00 cm3/mol
