name:	2-methylbut-1-ene
id:	1
text:	thesis B. Schmid
pc:	 3.44509999e+00
Tc:	 4.65000000e+02
vc:	 3.46428346e+02
M:   7.01340000e+01 g/mol
Ts:  3.41621547e+02 K
vs:  8.73058764e+01 cm3/mol
c:  -1.45026000e+00 cm3/mol
lT:  4.07600000e-01 cm3/mol
mT:  8.10000000e-01 cm3/mol
nT:  1.34560000e+00 cm3/mol
