name:	bicyclohexyl
id:	1
text:	thesis B. Schmid
pc:	 2.61419999e+00
Tc:	 7.31400000e+02
vc:	 7.17438162e+02
M:   1.66305800e+02 g/mol
Ts:  5.37337633e+02 K
vs:  1.80970798e+02 cm3/mol
c:  -2.35503000e+00 cm3/mol
lT:  1.26200000e-01 cm3/mol
mT:  9.07100000e-01 cm3/mol
nT:  5.67050000e+00 cm3/mol
