name:	butane
id:	1
text:	thesis B. Schmid
pc:	 3.79970000e+00
Tc:	 4.25200000e+02
vc:	 2.81120142e+02
M:   5.81200000e+01 g/mol
Ts:  3.12381681e+02 K
vs:  7.23829539e+01 cm3/mol
c:   4.89191000e+00 cm3/mol
lT:  1.16260000e+00 cm3/mol
mT:  1.07190000e+00 cm3/mol
nT:  5.53000000e-01 cm3/mol
