name:	dimethylether
id:	1
text:	thesis B. Schmid
pc:	 5.37019998e+00
Tc:	 4.00000000e+02
vc:	 1.87464721e+02
M:   4.60688000e+01 g/mol
Ts:  2.93867997e+02 K
vs:  4.81794555e+01 cm3/mol
c:   2.91028000e+00 cm3/mol
lT:  1.19510000e+00 cm3/mol
mT:  1.24810000e+00 cm3/mol
nT:  1.24810000e+00 cm3/mol
