name:	dinitrogen_oxide
id:	1
text:	thesis B. Schmid
pc:	 7.24469999e+00
Tc:	 3.09600000e+02
vc:	 1.07137828e+02
M:   4.40128000e+01 g/mol
Ts:  2.27453830e+02 K
vs:  2.76422189e+01 cm3/mol
c:   2.08689000e+00 cm3/mol
lT:  8.93100000e-01 cm3/mol
mT:  9.50400000e-01 cm3/mol
nT:  6.63600000e-01 cm3/mol
