name:	ethanol
id:	1
text:	thesis B. Schmid
pc:	 6.38349998e+00
Tc:	 5.16200000e+02
vc:	 2.07889291e+02
M:   4.60688000e+01 g/mol
Ts:  3.79236651e+02 K
vs:  5.23059981e+01 cm3/mol
c:  -1.20878000e+00 cm3/mol
lT:  1.19560000e+00 cm3/mol
mT:  1.01480000e+00 cm3/mol
nT:  1.05840000e+00 cm3/mol
