name:	heptane
id:	1
text:	thesis B. Schmid
pc:	 2.73369999e+00
Tc:	 5.40300000e+02
vc:	 5.06342912e+02
M:   1.00203400e+02 g/mol
Ts:  3.96942197e+02 K
vs:  1.27842858e+02 cm3/mol
c:  -1.18809000e+00 cm3/mol
lT:  8.80000000e-01 cm3/mol
mT:  9.17200000e-01 cm3/mol
nT:  9.71900000e-01 cm3/mol
