name:	hexadecane
id:	1
text:	thesis Schmid
pc:	 1.40130000e+00
Tc:	 7.22400000e+02
vc:	 1.36646858e+03
M:   2.26444600e+02 g/mol
Ts:  5.30725603e+02 K
vs:  3.33456334e+02 cm3/mol
c:  -4.88582100e+01 cm3/mol
lT:  1.14770000e+00 cm3/mol
mT:  8.63300000e-01 cm3/mol
nT:  1.16630000e+00 cm3/mol
