name:	methylcyclohexane
id:	1
text:	thesis B. Schmid
pc:	 3.47949999e+00
Tc:	 5.72100000e+02
vc:	 4.14666408e+02
M:   9.81876000e+01 g/mol
Ts:  4.20304703e+02 K
vs:  1.06352441e+02 cm3/mol
c:   5.57176000e+00 cm3/mol
lT:  1.03050000e+00 cm3/mol
mT:  9.47400000e-01 cm3/mol
nT:  6.73600000e-01 cm3/mol
