name:	methane
id:	1
text:	thesis B. Schmid
pc:	 4.60019999e+00
Tc:	 1.90600000e+02
vc:	 1.01811400e+02
M:   1.60426000e+01 g/mol
Ts:  1.40028101e+02 K
vs:  2.68002311e+01 cm3/mol
c:   4.08631000e+00 cm3/mol
lT:  9.45400000e-01 cm3/mol
mT:  1.24530000e+00 cm3/mol
nT:  4.24200000e-01 cm3/mol
