name:	nitrogen_dioxide
id:	1
text:	thesis B. Schmid
pc:	 1.01330000e+01
Tc:	 4.31000000e+02
vc:	 1.10196413e+02
M:   4.60055000e+01 g/mol
Ts:  3.16642767e+02 K
vs:  2.75125968e+01 cm3/mol
c:  -1.48388000e+00 cm3/mol
lT:  8.30900000e-01 cm3/mol
mT:  1.04800000e+00 cm3/mol
nT:  2.38110000e+00 cm3/mol
