name:	propanone
id:	1
text:	thesis B. Schmid
pc:	 4.70149999e+00
Tc:	 5.08100000e+02
vc:	 2.86459752e+02
M:   5.80798000e+01 g/mol
Ts:  3.73285824e+02 K
vs:  6.99044963e+01 cm3/mol
c:  -1.02410100e+01 cm3/mol
lT:  1.15620000e+00 cm3/mol
mT:  1.05340000e+00 cm3/mol
nT:  6.90700000e-01 cm3/mol
