name:	sulfur_dioxide
id:	1
text:	thesis B. Schmid
pc:	 7.88309998e+00
Tc:	 4.30800000e+02
vc:	 1.39187388e+02
M:   6.40588000e+01 g/mol
Ts:  3.16495833e+02 K
vs:  3.53485021e+01 cm3/mol
c:   4.87730000e-01 cm3/mol
lT:  1.50880000e+00 cm3/mol
mT:  1.26130000e+00 cm3/mol
nT:  4.40100000e-01 cm3/mol
