name:	toluene
id:	1
text:	thesis B. Schmid
pc:	 4.11379999e+00
Tc:	 5.91700000e+02
vc:	 3.66795716e+02
M:   9.21402000e+01 g/mol
Ts:  4.34704235e+02 K
vs:  9.30359404e+01 cm3/mol
c:   8.23990000e-01 cm3/mol
lT:  1.21120000e+00 cm3/mol
mT:  1.06280000e+00 cm3/mol
nT:  6.01300000e-01 cm3/mol
