name1:	carbon_dioxide
id1:	1
name2:	caffeine
id2:	2
id:	1
text:	SLE 470 K (Randzio)
Ts:   4.81844181e+02 K
vs:   8.09722740e+01 cm3/mol
