name:	butane
id:	1
text:	Machat & Boublik
pc:	 3.78765080e+00
Tc:	 4.27075717e+02
vc:	 2.59228651e+02
par[0]:	 5.81200000e+01
par[1]:	 4.02500000e+02
par[2]:	 5.39100000e+01
par[3]:	 1.05700000e+00
par[4]:	 5.20000000e+01
par[5]:	 1.20000000e-01
