name:	butane
id:	3
text:	Chen & Kreglewski
pc:	 3.83471118e+00
Tc:	 4.25842912e+02
vc:	 2.55387713e+02
par[0]:	 5.81200000e+01
par[1]:	 3.99560000e+02
par[2]:	 5.38550000e+01
par[3]:	 1.05100000e+00
par[4]:	 5.10000000e+01
par[5]:	 1.20000000e-01
