name:	methanol
id:	1
text:	Machat & Boublik
pc:	 4.92313715e+00
Tc:	 1.92868592e+02
vc:	 9.51294066e+01
par[0]:	 3.20400000e+01
par[1]:	 1.88740000e+02
par[2]:	 2.16600000e+01
par[3]:	 9.89000000e-01
par[4]:	 1.01000000e+00
par[5]:	 1.20000000e-01
