name:	octane
id:	7
text:	crit, VLE 293-543 K, 0.00-1.73 MPa
pc:	 2.19255122e+00
Tc:	 5.64879549e+02
vc:	 6.75768293e+02
par[0]:	 114.23
par[1]:	 5.28329319e+02
par[2]:	 1.01288087e+02
par[3]:	 1.16575464e+00
par[4]:	 1.34500000e+02
par[5]:	 1.20000000e-01
