name:	octane
id:	2
text:	crit; initial values: Boublik & Lu
pc:	 2.59626226e+00
Tc:	 5.71779268e+02
vc:	 5.31577902e+02
par[0]:	 114.23
par[1]:	 5.09228885e+02
par[2]:	 9.65560000e+01
par[3]:	 1.09800000e+00
par[4]:	 1.34500000e+02
par[5]:	 1.20000000e-01
