name:	pentane
id:	3
text:	Chen & Kreglewski
pc:	 2.93303955e+00
Tc:	 4.33771546e+02
vc:	 3.43901545e+02
par[0]:	 7.21500000e+01
par[1]:	 4.18740000e+02
par[2]:	 6.77400000e+01
par[3]:	 1.07500000e+00
par[4]:	 5.00000000e+01
par[5]:	 1.20000000e-01
