name:	pentane
id:	2
text:	Simnick
pc:	 3.23558554e+00
Tc:	 4.36135411e+02
vc:	 3.10059276e+02
par[0]:	 7.21500000e+01
par[1]:	 4.09590000e+02
par[2]:	 6.55180000e+01
par[3]:	 1.05000000e+00
par[4]:	 5.12800000e+01
par[5]:	 1.20000000e-01
