name:	argon
id:	1
text:	crit
pc:	4.897900
Tc:	150.860000
vc:	80.577162
par[0]:	3.9948000e+01
par[1]:	1.6000949e+02
par[2]:	6.3240931e+00
par[3]:	1.2000000e+01
par[4]:	6.0000000e+00
par[5]:	5.0000000e-01
