name:	krypton
id:	2
text:	VLE 163 K, crit.
pc:	 4.58720134e+00
Tc:	 1.98753632e+02
vc:	 1.13347792e+02
M:      8.38000000e+01 g/mol
Ts:     2.10807823e+02 K
vs:     8.89609376e+00 cm3/mol
mLJ:    1.20000000e+01
nLJ:    6.00000000e+00
alpha:  5.00000000e-01
