name:	1-butene
id:	1
text:	thesis B. Schmid
pc:	 4.02259999e+00
Tc:	 4.19600000e+02
vc:	 2.62082447e+02
M:   5.61072000e+01 g/mol
Ts:  3.08267529e+02 K
vs:  6.74715965e+01 cm3/mol
c:   4.52300000e+00 cm3/mol
lT:  8.54900000e-01 cm3/mol
mT:  8.94100000e-01 cm3/mol
nT:  7.26500000e-01 cm3/mol
