name:	1-octanol
id:	1
text:	thesis B. Schmid
pc:	 2.86039999e+00
Tc:	 6.52500000e+02
vc:	 5.80650940e+02
M:   1.30229600e+02 g/mol
Ts:  4.79372171e+02 K
vs:  1.47552341e+02 cm3/mol
c:   2.38340000e+00 cm3/mol
lT:  1.08650000e+00 cm3/mol
mT:  5.85100000e-01 cm3/mol
nT:  1.02300000e+00 cm3/mol
