name:	2-butanol
id:	1
text:	thesis B. Schmid
pc:	 4.19489999e+00
Tc:	 5.36000000e+02
vc:	 3.28562604e+02
M:   7.41224000e+01 g/mol
Ts:  3.93783116e+02 K
vs:  8.26486061e+01 cm3/mol
c:  -1.98713000e+00 cm3/mol
lT:  1.12630000e+00 cm3/mol
mT:  4.98100000e-01 cm3/mol
nT:  9.73200000e-01 cm3/mol
