name:	2-methylbut-2-ene
id:	1
text:	thesis B. Schmid
pc:	 3.44509999e+00
Tc:	 4.70000000e+02
vc:	 3.51691358e+02
M:   7.01340000e+01 g/mol
Ts:  3.45294897e+02 K
vs:  8.82446493e+01 cm3/mol
c:  -3.00383000e+00 cm3/mol
lT:  8.98200000e-01 cm3/mol
mT:  9.97500000e-01 cm3/mol
nT:  8.85800000e-01 cm3/mol
