name:	2-propanol
id:	1
text:	thesis B. Schmid
pc:	 4.76229999e+00
Tc:	 5.08300000e+02
vc:	 2.76015262e+02
M:   6.00956000e+01 g/mol
Ts:  3.73432758e+02 K
vs:  6.90391945e+01 cm3/mol
c:  -3.21565000e+00 cm3/mol
lT:  1.19250000e+00 cm3/mol
mT:  7.56100000e-01 cm3/mol
nT:  1.04440000e+00 cm3/mol
