name:	butane
id:	2
text:	crit, Ahlers
pc:	 3.80000000e+00
Tc:	 4.25000000e+02
vc:	 2.80854952e+02
par[0]:	 5.81200000e+01
par[1]:	 3.12234747e+02
par[2]:	 7.23431956e+01
par[3]:	-5.00000000e+00
par[4]:	 1.76560000e-01
par[5]:	 8.52130000e-01
par[6]:	 2.27241000e+00
