name:	cyclohexane
id:	1
text:	thesis B. Schmid
pc:	 4.08039999e+00
Tc:	 5.53800000e+02
vc:	 3.40467168e+02
M:   8.41608000e+01 g/mol
Ts:  4.06860242e+02 K
vs:  8.77894986e+01 cm3/mol
c:   6.42189000e+00 cm3/mol
lT:  9.91700000e-01 cm3/mol
mT:  9.21500000e-01 cm3/mol
nT:  6.57500000e-01 cm3/mol
