name:	decane
id:	1
text:	thesis B. Schmid
pc:	 2.09949999e+00
Tc:	 6.17900000e+02
vc:	 7.64117878e+02
M:   1.42283800e+02 g/mol
Ts:  4.53952589e+02 K
vs:  1.90368318e+02 cm3/mol
c:  -1.19016400e+01 cm3/mol
lT:  1.19330000e+00 cm3/mol
mT:  9.43900000e-01 cm3/mol
nT:  8.68300000e-01 cm3/mol
