name:	dodecane
id:	1
text:	thesis B. Schmid
p:	 1.80970000e+00
Tc:	 6.58800000e+02
vc:	 9.52399370e+02
M:   1.70337400e+02 g/mol
Ts:  4.84000592e+02 K
vs:  2.35472048e+02 cm3/mol
c:  -2.19614700e+01 cm3/mol
lT:  1.05830000e+00 cm3/mol
mT:  8.63200000e-01 cm3/mol
nT:  1.06680000e+00 cm3/mol
