name:	eicosane
id:	1
text:	thesis B. Schmid
pc:	 1.07000000e+00
Tc:	 7.67000000e+02
vc:	 1.92600311e+03
M:   2.82551800e+02 g/mol
Ts:  5.63491885e+02 K
vs:  4.63664604e+02 cm3/mol
c:  -9.38913000e+01 cm3/mol
lT:  1.41750000e+00 cm3/mol
mT:  1.00990000e+00 cm3/mol
nT:  1.11290000e+00 cm3/mol
