name:	ethanediol
id:	1
text:	thesis B. Schmid
pc:	 8.20019998e+00
Tc:	 7.20000000e+02
vc:	 2.30680121e+02
M:   6.20682000e+01 g/mol
Ts:  5.28962395e+02 K
vs:  5.67937320e+01 cm3/mol
c:  -6.26690000e+00 cm3/mol
lT:  1.11080000e+00 cm3/mol
mT:  8.48300000e-01 cm3/mol
nT:  9.55900000e-01 cm3/mol
