name:	ethene
id:	1
text:	thesis B. Schmid
pc:	 5.04159999e+00
Tc:	 2.82350000e+02
vc:	 1.39139668e+02
M:   2.80536000e+01 g/mol
Ts:  2.07434073e+02 K
vs:  3.62252809e+01 cm3/mol
c:   3.99993000e+00 cm3/mol
lT:  9.56800000e-01 cm3/mol
mT:  1.02230000e+00 cm3/mol
nT:  5.17200000e-01 cm3/mol
