name:	hexane
id:	2
text:	crit, Ahlers
pc:	 3.12000000e+00
Tc:	 5.07400000e+02
vc:	 4.14358108e+02
par[0]:	 8.61780000e+01
par[1]:	 3.72771555e+02
par[2]:	 1.05193335e+02
par[3]:	-1.30000000e+00
par[4]:	 9.65060000e-01
par[5]:	 9.42500000e-01
par[6]:	 8.16370000e-01
