name:	hexane
id:	1
text:	thesis B. Schmid
pc:	 3.01439999e+00
Tc:	 5.07400000e+02
vc:	 4.28938950e+02
M:   8.61766000e+01 g/mol
Ts:  3.72771555e+02 K
vs:  1.08878452e+02 cm3/mol
c:   1.28043000e+00 cm3/mol
lT:  3.87300000e-01 cm3/mol
mT:  8.35900000e-01 cm3/mol
nT:  1.67330000e+00 cm3/mol
