name:	MTBE
id:	1
text:	thesis B. Schmid
pc:	 3.43489999e+00
Tc:	 4.97100000e+02
vc:	 3.63734569e+02
M:   8.81492000e+01 g/mol
Ts:  3.65204454e+02 K
vs:  9.36099517e+01 cm3/mol
c:   6.15327000e+00 cm3/mol
lT:  9.73000000e-01 cm3/mol
mT:  9.45700000e-01 cm3/mol
nT:  7.65200000e-01 cm3/mol
