name:	naphthalene
id:	1
text:	thesis B. Schmid
pc:	 4.05299999e+00
Tc:	 7.48400000e+02
vc:	 4.74013639e+02
M:   1.28283200e+02 g/mol
Ts:  5.49827023e+02 K
vs:  1.19439928e+02 cm3/mol
c:  -2.06193000e+00 cm3/mol
lT:  1.13050000e+00 cm3/mol
mT:  1.01530000e+00 cm3/mol
nT:  7.01400000e-01 cm3/mol
