name:	octacosane
id:	1
text:	thesis B. Schmid
pc:	 7.27510000e-01
Tc:	 8.45400000e+02
vc:	 2.97004934e+03
M:   2.94766200e+02 g/mol
Ts:  6.21090012e+02 K
vs:  7.51649950e+02 cm3/mol
c:  -2.54652000e+02 cm3/mol
lT:  1.34200000e+00 cm3/mol
mT:  8.15200000e-01 cm3/mol
nT:  1.30130000e+00 cm3/mol
