name:	octane
id:	1
text:	thesis B. Schmid
pc:	 2.49459999e+00
Tc:	 5.68800000e+02
vc:	 5.86582140e+02
M:   1.14230200e+02 g/mol
Ts:  4.17880292e+02 K
vs:  1.47486078e+02 cm3/mol
c:  -3.80963000e+00 cm3/mol
lT:  9.45300000e-01 cm3/mol
mT:  8.97600000e-01 cm3/mol
nT:  9.68500000e-01 cm3/mol
