name:	pentane
id:	1
text:	thesis B. Schmid
pc:	 3.36909999e+00
Tc:	 4.69700000e+02
vc:	 3.52807308e+02
M:   7.21498000e+01 g/mol
Ts:  3.45074496e+02 K
vs:  9.01776710e+01 cm3/mol
c:   3.51831000e+00 cm3/mol
lT:  4.20700000e-01 cm3/mol
mT:  8.30300000e-01 cm3/mol
nT:  1.41570000e+00 cm3/mol
