name:	pentane
id:	2
text:	crit, Ahlers
pc:	 3.36500000e+00
Tc:	 4.69690000e+02
vc:	 3.53272177e+02
par[0]:	 7.21510000e+01
par[1]:	 3.45067149e+02
par[2]:	 9.02856233e+01
par[3]:	-3.48000000e+00
par[4]:	 7.52330000e-01
par[5]:	 8.97510000e-01
par[6]:	 9.34400000e-01
