name:	propane
id:	1
text:	thesis B. Schmid
pc:	 4.24549999e+00
Tc:	 3.69950000e+02
vc:	 2.17835469e+02
M:   4.40962000e+01 g/mol
Ts:  2.71791164e+02 K
vs:  5.63646147e+01 cm3/mol
c:   4.88215000e+00 cm3/mol
lT:  7.73100000e-01 cm3/mol
mT:  9.12400000e-01 cm3/mol
nT:  7.26300000e-01 cm3/mol
