name:	propane
id:	2
text:	crit, Ahlers
pc:	 4.26100000e+00
Tc:	 3.70020000e+02
vc:	 2.16839439e+02
par[0]:	 4.26100000e+01
par[1]:	 2.71842591e+02
par[2]:	 5.61702064e+01
par[3]:	-5.11000000e+00
par[4]:	 9.60660000e-01
par[5]:	 9.98760000e-01
par[6]:	 6.09460000e-01
