name:	carbon_dioxide
id:	1
text:	crit.
pc:	 7.37730025e+00
Tc:	 3.04128200e+02
vc:	 1.19108246e+02
M:   4.40098000e+01 g/mol
Ts:  2.30839255e+02 K
vs:  1.99832733e+01 cm3/mol
c:   1.00000000e+00
