name:	hydrogen
id:	2
text:	crit +qcorr, WCA
pc:	 1.29640001e+00
Tc:	 3.31450001e+01
vc:	 7.30924472e+01
par[0]:	 2.01594000e+00
par[1]:	 3.73011049e+01
par[2]:	 7.95726534e+00
par[3]:	 1.00000000e+00
