name:	hydrogen
id:	3
text:	crit -qcorr, BH
pc:	 1.29640000e+00
Tc:	 3.31450000e+01
vc:	 7.39801708e+01
par[0]:	-2.01594000e+00
par[1]:	 2.42673542e+01
par[2]:	 1.28926044e+01
par[3]:	 1.00000000e+00
