name:	methane
id:	1
text:	crit -qcorr, WCA
pc:	 4.59920007e+00
Tc:	 1.90564006e+02
vc:	 1.19705845e+02
par[0]:	-1.60428000e+01
par[1]:	 1.39806667e+02
par[2]:	 2.09184643e+01
par[3]:	 1.00000000e+00
