name:	methane
id:	3
text:	crit +qcorr, BH
pc:	 4.59919940e+00
Tc:	 1.90563995e+02
vc:	 1.19823159e+02
par[0]:	 1.60428000e+01
par[1]:	 1.49966817e+02
par[2]:	 1.91941995e+01
par[3]:	 1.00000000e+00
