name1:	A
id1:	1
name2:	C
id2:	1
id:	1
text:	artificial, lim. azeotropic
par[1]:	1.0742959e+02
par[2]:	4.1572550e+01 
