name1:	hydrogen
id1:	1
name2:	argon
id2:	1
id:	1
text:	VLE 86-135 K
par[1]:	1.67224266e+01
par[2]:	1.88019765e+01
