name1:	hydrogen
id1:	1
name2:	carbon_dioxide
id2:	1
id:	1
text:	VLE 260-290 K
par[1]:	1.99435691e+01
par[2]:	3.74382052e+01
