name1:	neon
id1:	1
name2:	krypton
id2:	2
id:	1
text:	VLE 163
par[1]:	  4.69087243e+01
par[2]:	  2.43535262e+01
