name:	decane
id:	1
text:	crit
pc:	 2.10300000e+00
Tc:	 6.17700000e+02
vc:	 7.68394281e+02
M:      1.42285000e+02 g/mol
Ts:     6.55162831e+02 K
vs:     6.03073728e+01 cm3/mol
mLJ:    1.20000000e+01
nLJ:    6.00000000e+00
alpha:  5.00000000e-01
