name:	krypton
id:	1
text:	crit.
pc:	 5.52000000e+00
Tc:	 2.09500000e+02
vc:	 9.92866242e+01
M:      8.38000000e+01 g/mol
Ts:     2.22205946e+02 K
vs:     7.79250393e+00 cm3/mol
mLJ:    1.20000000e+01
nLJ:    6.00000000e+00
alpha:  5.00000000e-01
