name:	methane
id:	1
text:	crit
pc:	4.595000
Tc:	190.555000
vc:	108.486923
par[0]:	1.6043000e+01
par[1]:	2.0211195e+02
par[2]:	8.5145887e+00
par[3]:	1.2000000e+01
par[4]:	6.0000000e+00
par[5]:	5.0000000e-01
