name:	nonane
id:	1
text:	crit, VLE 416
pc:	 2.28100000e+00
Tc:	 5.94550000e+02
vc:	 6.81881477e+02
M:      1.28255100e+02 g/mol
Ts:     6.27132452e+02 K
vs:     5.35515304e+01 cm3/mol
mLJ:    1.20000000e+01
nLJ:    6.00000000e+00
alpha:  6.55416458e-01
