name:	hexanol
id:	3
text:	VLE 320 K
pc:	2.260390
Tc:	535.059979
vc:	464.348774
par[0]:	1.0217600e+02
par[1]:	4.8121641e+02
par[2]:	4.1834780e+01
par[3]:	1.2000000e+01
par[4]:	6.0000000e+00
par[5]:	-4.0437022e+04
par[6]:	-1.2450276e+01
par[7]:	0.0000000e+00
