name:	argon
id:	1
text:	LJ parameters 119.8 K, 0.3405 nm
pc:	 5.66569200e+00
Tc:	 1.59094400e+02
vc:	 7.65170200e+01
par[0]:	 3.99480000e+01
par[1]:	 1.59094400e+02
par[2]:	 7.65170200e+01
