name1:	argon
id1:	1
name2:	carbon_dioxide
id2:	1
id:	1
text:	VLE
par[1]:	1.8100928e+02
par[2]:	2.0863315e+01
par[3]:	8.6689564e-01
