name1:	argon
id1:	1
name2:	krypton
id2:	2
id:	1
text:	ab initio 177K
par[1]:	  1.43330105e+02
par[2]:	  1.85852050e+01
par[3]:	  4.02987028e-01
