name1:	carbon_dioxide
id1:	1
name2:	toluene
id2:	2
id:	1
text:	VLE 352.59 K
par[1]:	3.6060966e+02
par[2]:	4.4474479e+01
par[3]:	1.5820558e+00
