name1:	carbon_dioxide
id1:	1
name2:	adamantane_D1
id2:	1
id:	1
text:	SGE 343-403 K
par[1]:	3.4142597e+02
par[2]:	7.8174517e+01
par[3]:	2.7111952e+00
