name1:	carbon_dioxide
id1:	1
name2:	ethane
id2:	1
id:	1
text:	VLE
par[1]:	2.7420397e+02
par[2]:	2.6261678e+01
par[3]:	1.1302495e+00
