name1:	ethene
id1:	1
name2:	naphthalene
id2:	3
id:	2
text:	SGE 298-318 K
par[1]:	5.2602835e+02
par[2]:	6.4097194e+01
par[3]:	1.1399983e+00
