name1:	ethene
id1:	1
name2:	naphthalene
id2:	2
id:	1
text:	SFE
par[1]:	4.5013043e+02
par[2]:	6.0329619e+01
par[3]:	1.4268412e+00
