name1:	helium
id1:	1
name2:	sulfur_hexafluoride
id2:	1
id:	1
text:	VLE
par[1]:	3.2767550e+01
par[2]:	2.7549105e+01
par[3]:	1.7273020e+00
