name1:	hydrogen
id1:	1
name2:	nitrogen
id2:	1
id:	1
text:	VLE
par[1]:	4.6056312e+01
par[2]:	1.5898360e+01
par[3]:	1.3403372e+00
