name1:	hydrogen
id1:	1
name2:	carbon_monoxide
id2:	1
id:	1
text:	VLE
par[1]:	4.4651857e+01
par[2]:	1.5233910e+01
par[3]:	1.3679756e+00
