name1:	hydrogen
id1:	1
name2:	carbon_dioxide
id2:	1
id:	1
text:	VLE 260-290 K
par[1]:	  6.92589762e+01
par[2]:	  1.61158595e+01
par[3]:	  1.26408830e+00
