name1:	hydrogen
id1:	1
name2:	argon
id2:	1
id:	1
text:	VLE
par[1]:	5.7187364e+01
par[2]:	1.4215475e+01
par[3]:	1.1726241e+00
