name1:	neon
id1:	1
name2:	krypton
id2:	2
id:	1
text:	VLE 163
par[1]:	5.2331988e+01
par[2]:	1.5581059e+01
par[3]:	1.3255689e+00
