name1:	nitrogen
id1:	1
name2:	sulfur_hexafluoride
id2:	1
id:	1
text:	VLE
par[1]:	1.6759530e+02
par[2]:	3.1505710e+01
par[3]:	9.3320303e-01
