name1:	R14
id1:	1
name2:	xenon
id2:	1
id:	1
text:	SFE
par[1]:	1.5313538e+02
par[2]:	2.9844798e+01
par[3]:	9.3188251e-01
