name1:	xenon
id1:	1
name2:	c-propane
id2:	1
id:	1
text:	VLE
par[1]:	2.3079984e+02
par[2]:	3.1427288e+01
par[3]:	1.3632537e+00
