name1:	xenon
id1:	1
name2:	boron_trifluoride
id2:	1
id:	1
text:	VLE
par[1]:	1.9731471e+02
par[2]:	2.6023095e+01
par[3]:	9.2061938e-01
