name1:	neon
id1:	1
name2:	krypton
id2:	1
id:	1
text:	VLE 163 K
Ts:   6.65432101e+01 K
vs:   2.20018703e+01 cm3/mol
