name1:	carbon_dioxide
id1:	1
name2:	caffeine
id2:	2
id:	1
text:	SGE Ebeling
par[1]:	  2.87694388e+02
par[2]:	  8.09722740e+01
