name1:	carbon_dioxide
id1:	1
name2:	hexane
id2:	1
id:	3
text:	k12 = 0.1, l12 = 0
par[1]:	  2.06508440e+02
par[2]:	  6.74593735e+01
