name1:	carbon_dioxide
id1:	1
name2:	caffeine
id2:	2
id:	2
text:	SLE 465 K, 76 MPa (transitiometry Randzio)
Ts:   2.57322549e+02 K
vs:   8.09722740e+01 cm3/mol
