name1:	methane
id1:	2
name2:	ethane
id2:	1
id:	1
text:	VLE 160 K
par[1]:	  1.31886597e+02
par[2]:	  3.36286961e+01
