name1:	nitrogen
id1:	1
name2:	methane
id2:	2
id:	1
text:	VLE 140-160 K
par[1]:	  1.09680154e+02
par[2]:	  2.56702006e+01
