name1:	propane
id1:	1
name2:	decane
id2:	1
id:	1
text:	k12 = 0, l12 = 0
par[1]:	  2.94928100e+02
par[2]:	  1.23151630e+02
