name1:	X
id1:	10
name2:	propane
id2:	2
id:	1
text:	phase diagram study: double azeotropy
Ts:   2.56000000e+02 K
vs:   9.08816111e+01 cm3/mol
