name:	argon
id:	1
text:	crit
pc:	4.897900
Tc:	150.860000
vc:	96.035570
par[0]:	3.9948000e+01
par[1]:	8.1034137e+01
par[2]:	3.2011857e+01
