name:	C
id:	1
text:	artificial
pc:	 5.48956290e+00
Tc:	 2.19583519e+02
vc:	 1.24717650e+02
M:   4.00000000e+01 g/mol
Ts:  1.17948834e+02 K
vs:  4.15725500e+01 cm3/mol
