name:	heptane
id:	1
text:	crit
pc:	 2.73600000e+00
Tc:	 5.40130000e+02
vc:	 6.15531289e+02
par[0]:	 1.00204000e+02
par[1]:	 2.90129713e+02
par[2]:	 2.05177096e+02
