name:	hydrogen
id:	1
text:	crit
pc:	 1.29800000e+00
Tc:	 3.32400000e+01
vc:	 7.98461997e+01
par[0]:	 2.01594000e+00
par[1]:	 1.78547973e+01
par[2]:	 2.66153999e+01
