name:	nitrogen
id:	1
text:	crit
pc:	 3.40000000e+00
Tc:	 1.26200000e+02
vc:	 1.15730643e+02
par[0]:	 2.80130000e+01
par[1]:	 6.77880691e+01
par[2]:	 3.85768810e+01
