name1:	neon
id1:	1
name2:	krypton
id2:	2
id:	2
text:	VLE 163 K
par[1]:	  6.93222474e+01
par[2]:	  2.11807060e+01
