name1:	carbon_dioxide
id1:	1
name2:	dinitrogen_oxide
id2:	1
id:	1
text:	fixed (Xiang)
par[1]:	  3.06807799e+02
par[2]:	  9.55594500e+01
par[3]:	  1.00000000e+00
