name1:	carbon_dioxide
id1:	1
name2:	decane
id2:	1
id:	1
text:	VLE    343 K   
par[1]:	  3.36330207e+02
par[2]:	  3.59059450e+02
par[3]:	  1.00000000e+00
