name1:	carbon_dioxide
id1:	1
name2:	water
id2:	1
id:	1
text:	1
par[1]:	  4.52480172e+02
par[2]:	  7.50344500e+01
par[3]:	  1.00000000e+00
