name1:	ethane
id1:	1
name2:	benzene
id2:	1
id:	1
text:	1
par[1]:	  3.99363200e+02
par[2]:	  2.00750000e+02
par[3]:	  1.00000000e+00
