name1:	ethane
id1:	1
name2:	acetone
id2:	1
id:	1
text:	1
par[1]:	  3.58760719e+02
par[2]:	  1.77250000e+02
par[3]:	  1.00000000e+00
