name1:	methane
id1:	1
name2:	heptane
id2:	1
id:	1
text:	VLE    90  K     
par[1]:	  3.02159605e+02
par[2]:	  2.63315000e+02
par[3]:	  1.00000000e+00
