name1:	methane
id1:	1
name2:	butane
id2:	1
id:	1
text:	1
par[1]:	  3.25145771e+02
par[2]:	  1.76775950e+02
par[3]:	  2.50000000e-01
