name1:	nitrogen
id1:	1
name2:	hexane
id2:	1
id:	1
text:	1
par[1]:	  2.48678963e+02
par[2]:	  2.29050000e+02
par[3]:	  1.00000000e+00
