name1:	oxygen
id1:	1
name2:	argon
id2:	1
id:	2
text:	fixed (Xiang)
par[1]:	  1.51068200e+02
par[2]:	  7.39777500e+01
par[3]:	  2.50000000e-01
