name1:	pentane
id1:	1
name2:	octane
id2:	1
id:	1
text:	1
par[1]:	  5.09091231e+02
par[2]:	  4.01500000e+02
par[3]:	  1.00000000e+00
