name1:	R125
id1:	1
name2:	R32
id2:	1
id:	1
text:	1
par[1]:	  3.42010398e+02
par[2]:	  1.66428500e+02
par[3]:	  1.00000000e+00
