name1:	R125
id1:	1
name2:	R134a
id2:	1
id:	1
text:	1
par[1]:	  3.55322157e+02
par[2]:	  2.06078000e+02
par[3]:	  1.00000000e+00
