name1:	R134a
id1:	1
name2:	butane
id2:	1
id:	1
text:	1
par[1]:	  3.57965034e+02
par[2]:	  2.27885950e+02
par[3]:	  1.00000000e+00
