name:	water
id:	2
theory:	2
quality:	AAD 0.39%
text:	fixed: SEQC, 0-300 MPa
a[0]:	-8.42696e-08
a[1]:	 7.53418e-10
a[2]:	 4.70754e-10
A[0]:	-1.88986e-11
A[1]:	 0.00000e+00
A[2]:	 7.96901e-13
b[0]:	 3.25301e-08
b[1]:	-7.53004e-08
b[2]:	 6.08039e-10
B[0]:	 3.00926e-11
B[1]:	 1.60797e-11
B[2]:	 0.00000e+00
D[0]:	 0.00000e+00
D[1]:	 0.00000e+00
D[2]:	 0.00000e+00
c[0]:	 1.90150e-07
c[1]:	-1.14044e-07
c[2]:	 0.00000e+00
C[0]:	 2.41248e-10
C[1]:	 5.51425e-10
C[2]:	 1.03767e-11
