name1:	propane
id1:	2
name2:	methanol
id2:	2
id:	1
text:	VLE 255 K
par[1]:	3.4802231e+02
par[2]:	2.9836955e+01
par[3]:	7.5339496e-01
