name1:	hydrogen
id1:	1
name2:	oxygen
id2:	1
id:	1
text:	virial 100 K
par[1]:	  6.67259599e+01
par[2]:	  2.45686214e+01
