name:	argon
id:	1
text:	crit
pc:	4.897900
Tc:	150.860000
vc:	92.016835
par[0]:	3.9948000e+01
par[1]:	2.0005728e+02
par[2]:	1.1969742e+01
par[3]:	1.0000000e+00 
