name:	A
id:	1
text:	HS 0.5 Å
pc:	 0.000000
Tc:	-1.000000
vc:	 0.000000
M:	-1.0000000e+00
vs:	 3.1531100e-01
