name:	B
id:	1
text:	HS 1.0 Å
pc:	 0.000000
Tc:	-1.000000
vc:	 0.000000
M:	-1.0000000e+00
vs:	 2.5224890e+00
