name1:	carbon_dioxide
id1:	1
name2:	decane
id2:	1
id:	1
text:	VLE 311-344 K
Ts:	2.36196504e+02
vs:	1.10837239e+02
fT:	1.0
