name1:	nitrogen
id1:	1
name2:	water
id2:	2
id:	1
text:	VLE 323-373 K
Ts:   2.90105684e+02 K
vs:   2.19634602e+01 cm3/mol
fT:   1.72659001e+00
