name:	ammonia
id:	1
text:	crit, omg = 0.250
pc:	 1.13500000e+01
Tc:	 4.05500000e+02
vc:	 9.13135830e+01
M:    1.70310000e+01 g/mol
Ts:   2.97908682e+02 K
vs:   2.31093299e+01 cm3/mol
omg:  2.50000000e-01
