name:	argon
id:	2
text:	crit_omega
pc:	4.897900
Tc:	150.860000
vc:	78.723893
par[0]:	3.9948000e+01
par[1]:	1.1083232e+02
par[2]:	1.9923174e+01
par[3]:	-4.2875000e-03 
