name:	caffeine
id:	2
text:	trp, Randzio
pc:	 4.07544256e+00
Tc:	 8.52407974e+02
vc:	 5.34582945e+02
par[0]:	-1.94190000e+02
par[1]:	 6.26238561e+02
par[2]:	 1.35290427e+02
par[3]:	 9.29608873e-01
