name:	ethanol
id:	1
text:	crit, VLE 393K
pc:	 6.61910644e+00
Tc:	 5.16672470e+02
vc:	 1.99506176e+02
par[0]:	 4.60684400e+01
par[1]:	 3.79583760e+02
par[2]:	 5.04903419e+01
par[3]:	 6.60021416e-01
