name:	helium
id:	2
text:	pVT 30-100 K
pc:	 2.97382804e-01
Tc:	 5.47959511e+00
vc:	 4.70948051e+01
M:    4.00260000e+00 g/mol
Ts:   4.02569410e+00 K
vs:   1.19185925e+01 cm3/mol
omg:  0.00000000e+00
