name:	hexane
id:	1
text:	crit, omega
pc:	 3.03400000e+00
Tc:	 5.07820000e+02
vc:	 4.27793924e+02
M:    8.61770000e+01 g/mol
Ts:   3.73080116e+02 K
vs:   1.08264626e+02 cm3/mol
omg:  2.98960000e-01
