name:	hydrogen
id:	1
text:	crit
pc:	 1.29640000e+00
Tc:	 3.31450000e+01
vc:	 6.53460571e+01
par[0]:	 2.01594000e+00
par[1]:	 2.43506369e+01
par[2]:	 1.65375571e+01
par[3]:	 0.00000000e+00
