name:	methanol
id:	1
text:	crit, by Y. Marcus
pc:	 8.09000000e+00
Tc:	 5.12600000e+02
vc:	 1.61945897e+02
M:    3.20400000e+01 g/mol
Ts:   3.76591839e+02 K
vs:   4.09847149e+01 cm3/mol
omg:  5.65000000e-01
