name:	neon
id:	1
text:	crit
pc:	2.654000
Tc:	44.400000
vc:	42.758179
par[0]:	2.0183000e+01
par[1]:	3.2619348e+01
par[2]:	1.0821094e+01
par[3]:	0.0000000e+00 
