name:	p-quinone
id:	2
text:	SGE CO2 (1FS)
pc:	 5.27483951e-01
Tc:	 5.62997944e+02
vc:	 3.28097764e+02
par[0]:	 0.00000000e+00
par[1]:	 4.13617696e+02
par[2]:	 8.30338622e+01
par[3]:	 1.05000000e+00
