name:	phenanthrene_PR
id:	1
text:	from binary SFE
pc:	 1.93910726e-01
Tc:	 4.26095471e+02
vc:	 6.75477362e+02
par[0]:	 1.78230000e+02
par[1]:	 3.13039557e+02
par[2]:	 1.70947505e+02
par[3]:	 5.00000000e-01
