name:	propan-2-ol
id:	1
text:	crit, omg = 0.665
pc:	 4.76000000e+00
Tc:	 5.08300000e+02
vc:	 2.72931426e+02
M:    6.00950000e+01 g/mol
Ts:   3.73432758e+02 K
vs:   6.90725536e+01 cm3/mol
omg:  6.65000000e-01
