name:	R134a
id:	1
text:	REFPROP
pc:	 4.06721630e+00
Tc:	 3.74338008e+02
vc:	 2.35237764e+02
M:    1.02300000e+02 g/mol
Ts:   2.75014902e+02 K
vs:   5.95331704e+01 cm3/mol
omg:  3.34287984e-01
