name:	X
id:	1
text:	synthetic
pc:	 1.65000000e+00
Tc:	 3.20000000e+02
vc:	 4.95685145e+02
M:    1.00000000e+02 g/mol
Ts:   2.35094398e+02 K
vs:   1.25446305e+02 cm3/mol
omg:  5.00000000e-01
