name1:	methane
id1:	1
name2:	decane
id2:	1
id:	1
text:	VLE 511 K
par[1]:	  2.88769718e+02
par[2]:	  1.38214630e+00
