name:	argon
id:	1
text:	LJ parameters 119.8 K, 0.3405 nm
pc:	 4.89790000e+00
Tc:	 1.59094400e+02
vc:	 7.65170200e+01
par[0]:	 3.99480000e+01
par[1]:	 2.99500000e+01
par[2]:	 2.37738400e+01
par[3]:	 0.00000000e+00
