name:	chlorine
id:	1
text:	crit, VLE 172, 240 K
pc:	 8.41601245e+00
Tc:	 4.21410217e+02
vc:	 1.40556791e+02
M:   7.09060000e+01 g/mol
Ts:  1.60343233e+02 K
vs:  2.66865167e+01 cm3/mol
l:   1.99000000e-01 nm
