name:	nitrogen
id:	1
text:	crit, l = 0.10976 nm
pc:	 3.39580000e+00
Tc:	 1.26192000e+02
vc:	 1.03445903e+02
M:   2.80134800e+01 g/mol
Ts:  3.44301978e+01 K
vs:  2.48935939e+01 cm3/mol
l:   1.09760000e-01 nm
