name:	oxygen
id:	1
text:	fixed
pc:	5.046000
Tc:	154.599000
vc:	74.95128167
M:	3.1998800e+01 
Ts:	154.599000
vs:	74.95128167
