name:	butane
id:	1
theory:	2
quality:	AAD 0.80%
text:	SEQC publication
a[0]:	-1.34111e-07
a[1]:	-8.56588e-07
a[2]:	 0.00000e+00
A[0]:	-3.63389e-10
A[1]:	-7.73717e-11
A[2]:	 0.00000e+00
b[0]:	 1.49860e-06
b[1]:	-1.71134e-06
b[2]:	 0.00000e+00
B[0]:	 3.70980e-09
B[1]:	 2.07659e-10
B[2]:	 0.00000e+00
D[0]:	 0.00000e+00
D[1]:	 0.00000e+00
D[2]:	 0.00000e+00
c[0]:	 3.53018e-09
c[1]:	-1.93040e-07
c[2]:	 0.00000e+00
C[0]:	-1.12496e-08
C[1]:	 7.66906e-09
C[2]:	 0.00000e+00
