name:	carbon_dioxide
id:	1
theory:	2
quality:	r.m.s. dev.  2.7186e-03
text:	SEQC data base
a[0]:	 1.30634712e-06
a[1]:	-1.43525928e-06
a[2]:	 7.13050324e-07
A[0]:	-7.58262967e-10
A[1]:	 3.47024943e-10
A[2]:	-4.70702386e-11
b[0]:	 1.03329061e-07
b[1]:	 0.00000000e+00
b[2]:	 0.00000000e+00
B[0]:	 1.49202635e-09
B[1]:	-6.75799922e-10
B[2]:	 1.54872813e-10
D[0]:	 0.00000e+00
D[1]:	 0.00000e+00
D[2]:	 0.00000e+00
c[0]:	 1.44103178e-07
c[1]:	-4.75076578e-08
c[2]:	 0.00000000e+00
C[0]:	 1.24418823e-07
C[1]:	-1.15292694e-07
C[2]:	 5.64835908e-08
