name:	ethane
id:	1
theory:	2
quality:	AAD 0.68%
text:	SEQC publication
a[0]:	-7.50686e-08
a[1]:	-1.50327e-08
a[2]:	 0.00000e+00
A[0]:	 7.68043e-11
A[1]:	-1.32048e-11
A[2]:	 0.00000e+00
b[0]:	 6.72862e-07
b[1]:	-4.36451e-07
b[2]:	 0.00000e+00
B[0]:	 9.15407e-10
B[1]:	 4.13028e-11
B[2]:	 0.00000e+00
D[0]:	 0.00000e+00
D[1]:	 0.00000e+00
D[2]:	 0.00000e+00
c[0]:	 3.88040e-07
c[1]:	-1.38524e-07
c[2]:	 0.00000e+00
C[0]:	-1.45842e-08
C[1]:	 2.39764e-08
C[2]:	 0.00000e+00
