name:	heptane
id:	1
theory:	2
quality:	AAD 0.72%
text:	SEQC publication
a[0]:	 3.76297e-07
a[1]:	 0.00000e+00
a[2]:	-4.40242e-07
A[0]:	-3.76786e-10
A[1]:	 1.92500e-10
A[2]:	 0.00000e+00
b[0]:	 1.38068e-06
b[1]:	 0.00000e+00
b[2]:	-9.11096e-07
B[0]:	 0.00000e+00
B[1]:	 9.75463e-10
B[2]:	 2.71874e-10
D[0]:	 0.00000e+00
D[1]:	 0.00000e+00
D[2]:	 0.00000e+00
c[0]:	 9.93871e-07
c[1]:	-6.36533e-08
c[2]:	 0.00000e+00
C[0]:	-1.24466e-07
C[1]:	 8.83261e-08
C[2]:	 0.00000e+00
