name:	hydrogen_sulfide
id:	1
theory:	2
quality:	unknown
text:	by SEQC
a[0]:	 5.46919e-07
a[1]:	-7.32295e-08
a[2]:	-7.35622e-08
A[0]:	 6.67324e-10
A[1]:	-2.16365e-10
A[2]:	 0.00000e+00
b[0]:	 4.56159e-07
b[1]:	-1.82572e-07
b[2]:	-6.59654e-08
B[0]:	-1.53973e-10
B[1]:	 2.17652e-10
B[2]:	 0.00000e+00
D[0]:	 0.00000e+00
D[1]:	 0.00000e+00
D[2]:	 0.00000e+00
c[0]:	-4.33882e-08
c[1]:	 6.13716e-08
c[2]:	 0.00000e+00
C[0]:	 3.54228e-08
C[1]:	-4.76258e-09
C[2]:	 0.00000e+00
