name:	pentane
id:	2
theory:	2
quality:	AAD 1.3%
text:	SEQC wide range
a[0]:	 3.301811e-07
a[1]:	-6.671499e-07
a[2]:	 1.744614e-09
A[0]:	-9.259940e-10
A[1]:	-7.665348e-11
A[2]:	 1.130633e-13
b[0]:	 1.029521e-06
b[1]:	-8.144534e-07
b[2]:	-2.811089e-10
B[0]:	 2.079704e-09
B[1]:	 1.469107e-10
B[2]:	-1.453558e-13
D[0]:	 0.00000e+00
D[1]:	 0.00000e+00
D[2]:	 0.00000e+00
c[0]:	 4.501819e-07
c[1]:	-8.459151e-08
c[2]:	 0.000000e+00
C[0]:	 4.305598e-08
C[1]:	-2.642098e-08
C[2]:	 4.036041e-10
