name:	carbon_dioxide
id:	1
text:	crit
pc:	7.382500
Tc:	304.210000
vc:	105.320376
par[0]:	4.4000000e+01
par[1]:	2.2349396e+02
par[2]:	2.6654121e+01
par[3]:	2.2800000e-01 
