name:	chloromethane
id:	1
text:	crit, Tb
pc:	 6.71440000e+00
Tc:	 4.16000000e+02
vc:	 1.58353077e+02
M:    5.04880000e+01 g/mol
Ts:   3.05622717e+02 K
vs:   4.00754563e+01 cm3/mol
omg:  1.35446388e-01
