name:	ethane
id:	1
text:	crit
pc:	4.880000
Tc:	305.400000
vc:	159.952703
par[0]:	3.0070000e+01
par[1]: 2.2436822e+02
par[2]:	4.0480284e+01
par[3]:	9.9000000e-02 
