name:	ethene
id:	1
text:	crit, Marcus2006a
pc:	 5.04000000e+00
Tc:	 2.82400000e+02
vc:	 1.43210225e+02
M:    2.80536000e+01 g/mol
Ts:   2.07470806e+02 K
vs:   3.62431548e+01 cm3/mol
omg:  8.66000000e-02
