name:	isocyanatomethane
id:	1
text:	crit.
pc:	 5.57000000e+00
Tc:	 4.91000000e+02
vc:	 2.25302849e+02
par[0]:	 5.70513000e+01
par[1]:	 3.60722967e+02
par[2]:	 5.70188760e+01
par[3]:	 2.78000000e-01
