name:	methane
id:	1
text:	crit
pc:	4.595000
Tc:	190.555000
vc:	105.991730
par[0]:	1.6043000e+01
par[1]:	1.3999504e+02
par[2]:	2.6824025e+01
par[3]:	0.0000000e+00 
