name:	R22
id:	1
text:	crit, omega
pc:	 4.85800000e+00
Tc:	 2.99300000e+02
vc:	 1.57466827e+02
M:    6.00000000e+01 g/mol
Ts:   2.19886729e+02 K
vs:   3.98511671e+01 cm3/mol
omg:  2.60000000e-01
