name:	sulfur_hexafluoride
id:	1
text:	crit, trp (Air Liquide)
pc:	 3.75465258e+00
Tc:	 3.18717965e+02
vc:	 2.16958751e+02
M:    1.46055000e+02 g/mol
Ts:   2.34152525e+02 K
vs:   5.49071801e+01 cm3/mol
omg:  2.14352930e-01
