name:	xenon
id:	1
text:	crit
pc:	 5.84050000e+00
Tc:	 2.89765000e+02
vc:	 1.26805553e+02
par[0]:	 1.31290000e+02
par[1]:	 2.12881651e+02
par[2]:	 3.20915164e+01
par[3]:	 0.00000000e+00
