name1:	methane
id1:	1
name2:	propane
id2:	1
id:	1
text:	VLE 311 K
Ts:   2.80407953e+02 K
vs:   1.40019351e+01 cm3/mol
