name:	adamantane_RK
id:	1
text:	from binary SFE
pc:	0.414288
Tc:	565.834795
vc:	455.266689
par[0]:	1.3019000e+02
par[1]:	4.0997768e+02
par[2]:	1.1833340e+02 
