name:	hexadecane
id:	2
text:	VLE 300-400 K
pc:	2.624967
Tc:	963.604477
vc:	1017.396900
par[0]:	2.2644600e+02
par[1]:	6.9818317e+02
par[2]:	2.6444287e+02 
