name:	krypton
id:	2
text:	VLE 163 K, crit.
pc:	 5.66200630e+00
Tc:	 2.08913015e+02
vc:	 1.02260655e+02
M:   8.38000000e+01 g/mol
Ts:  1.51368694e+02 K
vs:  2.65796967e+01 cm3/mol
