name:	nitrogen
id:	1
text:	crit
pc:	3.400000
Tc:	126.200000
vc:	102.870445
par[0]:	2.8000000e+01
par[1]:	9.1438675e+01
par[2]:	2.6738194e+01 
