name:	propane
id:	1
text:	crit
pc:	 4.26100000e+00
Tc:	 3.70020000e+02
vc:	 2.40673941e+02
par[0]:	 4.40970000e+01
par[1]:	 2.68099354e+02
par[2]:	 6.25562235e+01
