name:	tetracosane
id:	1
text:	VLE 400-500 K
pc:	1.826976
Tc:	1271.075705
vc:	1928.208308
par[0]:	3.3866000e+02
par[1]:	9.2096258e+02
par[2]:	5.0118193e+02 
