name:	water
id:	1
text:	crit
pc:	2.20640000e+01
Tc:	6.47096000e+02
vc:	8.12830276e+01
par[0]:	1.80152680e+01
par[1]:	4.68855790e+02
par[2]:	2.11271699e+01
