name:	1-hexene
id:	3
text:	recomm. Gross & Sadowski
pc:	 3.66301227e+00
Tc:	 5.14060152e+02
vc:	 3.55587575e+02
par[0]:	 8.46160000e+01
par[1]:	 2.36810000e+02
par[2]:	 1.69669000e+01
par[3]:	 2.98530000e+00
