name:	1-octene
id:	3
text:	recomm. Gross & Sadowski
pc:	 3.12492359e+00
Tc:	 5.79130467e+02
vc:	 4.73836968e+02
par[0]:	 1.12215000e+02
par[1]:	 2.43020000e+02
par[2]:	 1.74845000e+01
par[3]:	 3.74240000e+00
