name:	2-methylpentane
id:	3
text:	recomm. Gross & Sadowski
pc:	 3.46649816e+00
Tc:	 5.07379848e+02
vc:	 3.71106106e+02
par[0]:	 8.61770000e+01
par[1]:	 2.35580000e+02
par[2]:	 1.80433000e+01
par[3]:	 2.93170000e+00
