name:	2-methylpropane
id:	3
text:	recomm. Gross & Sadowski
pc:	 4.00836727e+00
Tc:	 4.14132832e+02
vc:	 2.67447137e+02
par[0]:	 5.81230000e+01
par[1]:	 2.16530000e+02
par[2]:	 1.67267000e+01
par[3]:	 2.26160000e+00
