name:	butylbenzene
id:	3
text:	recomm. Gross & Sadowski
pc:	 3.45884267e+00
Tc:	 6.76246195e+02
vc:	 4.99779829e+02
par[0]:	 1.34221000e+02
par[1]:	 2.83070000e+02
par[2]:	 1.83143000e+01
par[3]:	 3.76620000e+00
