name:	decane
id:	3
text:	recomm. Gross & Sadowski
pc:	 2.58949527e+00
Tc:	 6.30577637e+02
vc:	 6.17156811e+02
par[0]:	 1.42285000e+02
par[1]:	 2.43870000e+02
par[2]:	 1.78320000e+01
par[3]:	 4.66270000e+00
