name:	dimethyl_ether
id:	3
text:	recomm. Gross & Sadowski
pc:	 5.95575868e+00
Tc:	 4.07519971e+02
vc:	 1.77041269e+02
par[0]:	 4.60690000e+01
par[1]:	 2.11060000e+02
par[2]:	 1.08523000e+01
par[3]:	 2.30710000e+00
