name:	ethane
id:	3
text:	recomm. Gross & Sadowski
pc:	 5.16309407e+00
Tc:	 3.08955503e+02
vc:	 1.56486366e+02
par[0]:	 3.00700000e+01
par[1]:	 1.91420000e+02
par[2]:	 1.37594000e+01
par[3]:	 1.60690000e+00
