name:	ethyl_methanoate
id:	3
text:	recomm. Gross & Sadowski
pc:	 5.77308456e+00
Tc:	 5.27326024e+02
vc:	 2.31717058e+02
par[0]:	 7.40790000e+01
par[1]:	 2.46470000e+02
par[2]:	 1.14443000e+01
par[3]:	 2.88760000e+00
