name:	ethylbenzene
id:	3
text:	recomm. Gross & Sadowski
pc:	 4.28012527e+00
Tc:	 6.32197579e+02
vc:	 3.73809201e+02
par[0]:	 1.06167000e+02
par[1]:	 2.87350000e+02
par[2]:	 1.72667000e+01
par[3]:	 3.07990000e+00
