name:	heptane
id:	3
text:	recomm. Gross & Sadowski
pc:	 3.24683550e+00
Tc:	 5.52049641e+02
vc:	 4.27781691e+02
par[0]:	 1.00203000e+02
par[1]:	 2.38400000e+02
par[2]:	 1.73692000e+01
par[3]:	 3.48310000e+00
