name:	hexane
id:	3
text:	recomm. Gross & Sadowski
pc:	 3.54100546e+00
Tc:	 5.19299138e+02
vc:	 3.71251766e+02
par[0]:	 8.61770000e+01
par[1]:	 2.36770000e+02
par[2]:	 1.72789000e+01
par[3]:	 3.05760000e+00
