name:	krypton
id:	1
text:	crit
pc:	 5.52000000e+00
Tc:	 2.09500000e+02
vc:	 1.00453085e+02
par[0]:	 8.38000000e+01
par[1]:	 1.64217291e+02
par[2]:	 1.48531733e+01
par[3]:	 1.00000000e+00
