name:	methyl_methanoate
id:	3
text:	recomm. Gross & Sadowski
pc:	 7.34065519e+00
Tc:	 5.02013746e+02
vc:	 1.73916304e+02
par[0]:	 6.00530000e+01
par[1]:	 2.42630000e+02
par[2]:	 9.28047000e+00
par[3]:	 2.67840000e+00
