name:	methylcyclopentane
id:	3
text:	recomm. Gross & Sadowski
pc:	 3.54033608e+00
Tc:	 5.29719069e+02
vc:	 3.12010898e+02
par[0]:	 8.41560000e+01
par[1]:	 2.65120000e+02
par[2]:	 1.76500000e+01
par[3]:	 2.61300000e+00
