name:	octane
id:	3
text:	recomm. Gross & Sadowski
pc:	 3.01898803e+00
Tc:	 5.83062395e+02
vc:	 4.93477966e+02
par[0]:	 1.14231000e+02
par[1]:	 2.42780000e+02
par[2]:	 1.78167000e+01
par[3]:	 3.81760000e+00
