name:	oxygen
id:	2
text:	B 80-500 K
pc:	 4.20804212e+00
Tc:	 1.43491357e+02
vc:	 9.02534881e+01
par[0]:	 3.19988000e+01
par[1]:	 1.12476191e+02
par[2]:	 1.33450426e+01
par[3]:	 1.00000000e+00
