name:	oxygen
id:	1
text:	crit
pc:	 5.04300000e+00
Tc:	 1.54580000e+02
vc:	 8.11302220e+01
par[0]:	 3.19988000e+01
par[1]:	 1.21168061e+02
par[2]:	 1.19960601e+01
par[3]:	 1.00000000e+00
