name:	PEC7
id:	3
text:	by Raabe (pVT Fedele)
pc:	 5.04080000e-02
Tc:	 7.05110620e+02
vc:	 2.12389000e+02
par[0]:	 5.84840000e+02
par[1]:	 1.88345000e+02
par[2]:	 1.09843031e+01
par[3]:	 2.28263000e+01
