name:	pentane
id:	3
text:	recomm. Gross & Sadowski
pc:	 3.82365786e+00
Tc:	 4.79266282e+02
vc:	 3.18713267e+02
par[0]:	 7.21460000e+01
par[1]:	 2.31200000e+02
par[2]:	 1.69346000e+01
par[3]:	 2.68960000e+00
