name:	propane
id:	3
text:	recomm. Gross & Sadowski
pc:	 4.60776328e+00
Tc:	 3.75139987e+02
vc:	 2.11434440e+02
par[0]:	 4.40960000e+01
par[1]:	 2.08110000e+02
par[2]:	 1.49382000e+01
par[3]:	 2.00200000e+00
