name:	tetradecane
id:	3
text:	recomm. Gross & Sadowski
pc:	 2.03036169e+00
Tc:	 7.10445204e+02
vc:	 8.74891387e+02
par[0]:	 1.98392000e+02
par[1]:	 2.54210000e+02
par[2]:	 1.92799000e+01
par[3]:	 5.90020000e+00
