name:	tridecane
id:	3
text:	recomm. Gross & Sadowski
pc:	 2.10344675e+00
Tc:	 6.90087235e+02
vc:	 8.22109257e+02
par[0]:	 1.84365000e+02
par[1]:	 2.49780000e+02
par[2]:	 1.89109000e+01
par[3]:	 5.68770000e+00
