name:	undecane
id:	3
text:	recomm. Gross & Sadowski
pc:	 2.43252227e+00
Tc:	 6.54912553e+02
vc:	 6.80534060e+02
par[0]:	 1.56312000e+02
par[1]:	 2.48820000e+02
par[2]:	 1.85508000e+01
par[3]:	 4.90820000e+00
