name:	xenon
id:	1
text:	crit
pc:	 5.84050000e+00
Tc:	 2.89765000e+02
vc:	 1.31314967e+02
par[0]:	 1.31290000e+02
par[1]:	 2.27133286e+02
par[2]:	 1.94164664e+01
par[3]:	 1.00000000e+00
