name:	argon
id:	1
text:	crit
pc:	4.897900
Tc:	150.860000
vc:	91.660603
par[0]:	3.9948000e+01
par[1]:	1.9666100e+02
par[2]:	1.1222636e+01
par[3]:	1.2000000e+01
par[4]:	6.0000000e+00
