name:	nonane
id:	1
text:	crit
pc:	 2.28100000e+00
Tc:	 5.94550000e+02
vc:	 7.75674712e+02
M:    1.28255100e+02 g/mol
Ts:   7.75055010e+02 K
vs:   9.49711735e+01 cm3/mol
mLJ:  1.20000000e+01 cm3/mol
nLJ:  6.00000000e+00 cm3/mol
