name1:	methane
id1:	1
name2:	tetracosane
id2:	1
id:	1
text:	fixed
par[1]:	6.9990861e+02
par[2]:	1.6881717e+02
par[3]:	1.3954987e+00
