name1:	methane
id1:	1
name2:	tetracosane
id2:	1
id:	3
text:	VLE 350 K
par[1]:	2.3038460e+02
par[2]:	1.5136225e+02
par[3]:	9.5936833e-01
