name1:	carbon_dioxide
id1:	1
name2:	caffeine
id2:	2
id:	3
text:	SGE Ebeling
par[1]:	  6.09825245e+02
par[2]:	  4.79648935e+01
