name:	argon
id:	1
text:	crit
pc:	4.897900
Tc:	150.860000
vc:	80.852845
par[0]:	3.9948000e+01
par[1]:	1.6073018e+02
par[2]:	6.7224588e+00 
