name:	krypton
id:	1
text:	crit
pc:	 5.52000000e+00
Tc:	 2.09500000e+02
vc:	 9.96267734e+01
par[0]:	 8.38000000e+01
par[1]:	 2.23206761e+02
par[2]:	 8.28340523e+00
