name:	methane
id:	1
text:	crit
pc:	 4.59500000e+00
Tc:	 1.90555000e+02
vc:	 1.08858776e+02
M:   1.60430000e+01 g/mol
Ts:  2.03022264e+02 K
vs:  9.05099426e+00 cm3/mol
