name:	water
id:	1
theory:	2
quality:	AAD 0.33%
text:	fixed: SEQC, 0-100 MPa
a[0]:	-1.17407e-07
a[1]:	-3.78855e-09
a[2]:	 3.56743e-10
A[0]:	-3.30145e-11
A[1]:	 0.00000e+00
A[2]:	 1.02931e-12
b[0]:	 1.62216e-08
b[1]:	-8.36595e-08
b[2]:	 9.10863e-10
B[0]:	 5.03140e-11
B[1]:	 1.82304e-11
B[2]:	 0.00000e+00
D[0]:	 0.00000e+00
D[1]:	 0.00000e+00
D[2]:	 0.00000e+00
c[0]:	 1.92707e-07
c[1]:	-1.28680e-07
c[2]:	 0.00000e+00
C[0]:	 8.01449e-11
C[1]:	 5.65614e-10
C[2]:	 1.00163e-11
