name1:	ethane
id1:	1
name2:	cyclohexane
id2:	2
id:	1
text:	VLE 333-400K
par[1]:	  3.80064997e+02
par[2]:	  4.99682199e+01
par[3]:	  1.23788489e+00
