name1:	argon
id1:	1
name2:	carbon_dioxide
id2:	1
id:	1
text:	VLE 240-300 K
par[1]:	5.7366928e+01
par[2]:	3.7418931e+01 
