name:	hydrogen
id:	1
theory:	3
quality:	AAD 0.5%
text:	SEQC, REFPROP
a[0]:	 1.6574371386749347e-07
a[1]:	-1.6206996634791350e-07
a[2]:	-1.6230685372630783e-08
a[3]:	-2.3506664874080730e-12
a[4]:	 1.6626097022581737e-23
A[0]:	 3.4973088647764740e-09
A[1]:	-1.4363131195964803e-09
A[2]:	 2.9221959721201290e-10
A[3]:	-1.4489872491115832e-14
A[4]:	 8.7382044741785580e-26
E[0]:	 0.0000000000000000e+00
E[1]:	 1.1301385183708512e-11
E[2]:	 0.0000000000000000e+00
E[3]:	 0.0000000000000000e+00
E[4]:	 0.0000000000000000e+00
b[0]:	 1.5550805948564428e-06
b[1]:	 8.4318909006323920e-07
b[2]:	-3.7892905544271990e-07
b[3]:	-1.9341046576848714e-11
b[4]:	 1.2371312042578275e-22
B[0]:	-3.4933689797469860e-08
B[1]:	-2.7969911738833870e-08
B[2]:	 8.7980331629678850e-09
B[3]:	 3.4386317230226630e-13
B[4]:	-2.1552981557200185e-24
D[0]:	 5.9011712749136350e-10
D[1]:	 5.7573613940848380e-10
D[2]:	-5.3844282929434070e-11
D[3]:	 0.0000000000000000e+00
D[4]:	 0.0000000000000000e+00
c[0]:	-2.9502506e+00
c[1]:	 1.1932377e+03
c[2]:	 5.4202667e+04
c[3]:	-4.9235685e+06
c[4]:	 1.2273186e+08
c[5]:	-1.5711131e+09
c[6]:	 6.4457021e+09

a, b: SEQC * 1.0e-2
A, B	     1.0e-1
D, E	     1.0e+0

