name:	p-hydrogen
id:	1
theory:	3
quality:	AAD 0.5%
text:	SEQC, REFPROP
a[0]:	 3.2447088354119895e-07
a[1]:	-4.2826910997717320e-08
a[2]:	 2.6328427273650065e-08
a[3]:	-2.0578752917057960e-13
a[4]:	 4.1745852251370183e-24
A[0]:	-1.1746029632674428e-09
A[1]:	-4.0206751277979035e-09
A[2]:	 9.6066671777369300e-10
A[3]:	-8.0039315374833090e-14
A[4]:	 1.0052299761916076e-24
E[0]:	 0.0000000000000000e+00
E[1]:	 1.1930358144486238e-12
E[2]:	 0.0000000000000000e+00
E[3]:	 0.0000000000000000e+00
E[4]:	 0.0000000000000000e+00
b[0]:	 2.1689672378976063e-06
b[1]:	 2.6246634175747330e-06
b[2]:	-1.4525807045248585e-07
b[3]:	 3.0360447075026830e-12
b[4]:	-3.5777941335286210e-23
B[0]:	-4.1534988972893380e-08
B[1]:	-6.1343230538565390e-08
B[2]:	 3.7534612073961260e-09
B[3]:	 0.0000000000000000e+00
B[4]:	 0.0000000000000000e+00
D[0]:	 4.5138659470032270e-10
D[1]:	 6.3240074843951290e-10
D[2]:	-2.4789470485981034e-11
D[3]:	 0.0000000000000000e+00
D[4]:	 0.0000000000000000e+00
c[0]:	-2.9502506e+00
c[1]:	 1.1932377e+03
c[2]:	 5.4202667e+04
c[3]:	-4.9235685e+06
c[4]:	 1.2273186e+08
c[5]:	-1.5711131e+09
c[6]:	 6.4457021e+09

a, b: SEQC * 1.0e-2
A, B	     1.0e-1
D, E	     1.0e+0
