name:	hydrogen
id:	2
theory:	2
quality:	AAD 0.5%
text:	SEQC, old reference correlation
a[0]:	 6.244504187770221e-07
a[1]:	 5.864708513432789e-09
a[2]:	 9.706515454731824e-09
A[0]:	 2.501893191681068e-10
A[1]:	 0.000000000000000e+00
A[2]:	 5.098710409746090e-11
b[0]:	 4.107836459294903e-07
b[1]:	 2.889533014161582e-07
b[2]:	 6.479671540321940e-08
B[0]:	-2.715011009577153e-08
B[1]:	 0.000000000000000e+00
B[2]:	-5.120830569778089e-10
D[0]:	 0.000000000000000e+00
D[1]:	 0.000000000000000e+00
D[2]:	 0.000000000000000e+00
c[0]:	 7.361915179098000e-08
c[1]:	 4.889168320374471e-07
c[2]:	-1.055350030886132e-07
C[0]:	 1.008776421905155e-07
C[1]:	-3.039129726425072e-08
C[2]:	 1.876334330458591e-09
