name:	methane
id:	1
theory:	2
quality:	AAD 0.5%
text:	SEQC, REFPROP
a[0]:	-3.388499774849188e-07
a[1]:	 1.357751056436956e-07
a[2]:	 0.000000000000000e+00
A[0]:	 1.599928656708465e-09
A[1]:	-1.914111948640955e-10
A[2]:	 0.000000000000000e+00
b[0]:	 2.757578135745619e-07
b[1]:	-3.437257168370167e-07
b[2]:	 0.000000000000000e+00
B[0]:	-2.591543952601512e-10
B[1]:	 3.260205780076831e-10
B[2]:	 0.000000000000000e+00
D[0]:	 3.151938769973226e-12
D[1]:	 0.000000000000000e+00
D[2]:	 0.000000000000000e+00
c[0]:	 2.891185964062902e-07
c[1]:	-9.980820268031566e-08
c[2]:	-2.073683069612586e-09
C[0]:	-3.328762135404735e-09
C[1]:	 1.806469586530370e-08
C[2]:	 4.380464338668540e-11
