name1:	 argon
id1:	 4
name2:	 oxygen
id2:	 4
id:	 1
text:	 fixed: GERG-2004
betaV:	 0.999746847
gammaV:	 0.993907223
betaT:	 1.000023103
gammaT:	 0.990430423
F:	 0.0
0
