name1:	 butane
id1:	 4
name2:	 water
id2:	 4
id:	 1
text:	 fixed: GERG-2004
betaV:	 1.000000000
gammaV:	 1.223638763
betaT:	 1.000000000
gammaT:	 0.615512682
F:	 0.0
0
