name1:	 butane
id1:	 4
name2:	 heptane
id2:	 4
id:	 1
text:	 fixed: GERG-2004
betaV:	 1.000000000
gammaV:	 1.019174227
betaT:	 1.000000000
gammaT:	 1.021283378
F:	 0.0
0
