name1:	 carbon_dioxide
id1:	 4
name2:	 heptane
id2:	 4
id:	 1
text:	 fixed: GERG-2004
betaV:	 1.205469976
gammaV:	 1.164585914
betaT:	 1.011806317
gammaT:	 1.046169823
F:	 0.0
0
