name1:	 carbon_dioxide
id1:	 4
name2:	 octane
id2:	 4
id:	 1
text:	 fixed: GERG-2004
betaV:	 1.026169373
gammaV:	 1.104043935
betaT:	 1.029690780
gammaT:	 1.074455386
F:	 0.0
0
