name1:	 carbon_dioxide
id1:	 4
name2:	 decane
id2:	 4
id:	 1
text:	 fixed: GERG-2008
betaV:	 1.000151132
gammaV:	 1.183394668
betaT:	 1.020028790
gammaT:	 1.145512213
F:	 0.0
0
