name1:	 carbon_monoxide
id1:	 4
name2:	 methane
id2:	 4
id:	 1
text:	 fixed: GERG-2004
betaV:	 0.997340772
gammaV:	 1.006102927
betaT:	 0.987411732
gammaT:	 0.987473033
F:	 0.0
0
