name1:	 ethane
id1:	 4
name2:	 pentane
id2:	 4
id:	 1
text:	 fixed: GERG-2004
betaV:	 0.993851009
gammaV:	 1.026085655
betaT:	 0.998688946
gammaT:	 1.066665676
F:	 0.0
0
