name1:	 ethane
id1:	 4
name2:	 octane
id2:	 4
id:	 1
text:	 fixed: GERG-2004
betaV:	 1.007469726
gammaV:	 1.071917985
betaT:	 0.984068272
gammaT:	 1.168636194
F:	 0.0
0
