name1:	 hexane
id1:	 4
name2:	 nonane
id2:	 4
id:	 1
text:	 fixed: GERG-2008
betaV:	 1.000000000
gammaV:	 1.020761680
betaT:	 1.000000000
gammaT:	 1.055369591
F:	 0.0
0
