name1:	 hexane
id1:	 4
name2:	 water
id2:	 4
id:	 1
text:	 fixed: GERG-2004
betaV:	 1.000000000
gammaV:	 1.170217596
betaT:	 1.000000000
gammaT:	 0.569681333
F:	 0.0
0
