name1:	 hydrogen_sulfide
id1:	 4
name2:	 decane
id2:	 4
id:	 1
text:	 fixed: GERG-2008
betaV:	 0.975187766
gammaV:	 1.171714677
betaT:	 0.973091413
gammaT:	 1.103693489
F:	 0.0
0
