name1:	 hydrogen
id1:	 4
name2:	 octane
id2:	 4
id:	 1
text:	 fixed: GERG-2004
betaV:	 1.000000000
gammaV:	 1.305249405
betaT:	 1.000000000
gammaT:	 2.191555216
F:	 0.0
0
