name1:	 hydrogen
id1:	 4
name2:	 heptane
id2:	 4
id:	 1
text:	 fixed: GERG-2004
betaV:	 1.000000000
gammaV:	 1.159131722
betaT:	 1.000000000
gammaT:	 3.169143057
F:	 0.0
0
