name1:	 hydrogen
id1:	 4
name2:	 ethane
id2:	 4
id:	 1
text:	 fixed: GERG-2004
betaV:	 0.925367171
gammaV:	 1.106072040
betaT:	 0.932969831
gammaT:	 1.902008495
F:	 0.0
0
