name1:	 hydrogen
id1:	 4
name2:	 decane
id2:	 4
id:	 1
text:	 fixed: GERG-2008
betaV:	 1.695358382
gammaV:	 1.120233729
betaT:	 1.064818089
gammaT:	 3.786003724
F:	 0.0
0
