name1:	 hydrogen
id1:	 4
name2:	 propane
id2:	 4
id:	 1
text:	 fixed: GERG-2004
betaV:	 1.000000000
gammaV:	 1.074006110
betaT:	 1.000000000
gammaT:	 2.308215191
F:	 0.0
0
