name1:	 hydrogen_sulfide
id1:	 4
name2:	 methylpropane
id2:	 4
id:	 1
text:	 fixed: GERG-2008
betaV:	 1.012994431
gammaV:	 0.988591117
betaT:	 0.974550548
gammaT:	 0.937130844
F:	 0.0
0
