name1:	 methane
id1:	 4
name2:	 pentane
id2:	 4
id:	 1
text:	 fixed: GERG-2004
betaV:	 0.948330120
gammaV:	 1.124508039
betaT:	 0.992127525
gammaT:	 1.249173968
F:	 0.0
0
