name1:	 methane
id1:	 4
name2:	 nonane
id2:	 4
id:	 1
text:	 fixed: GERG-2008
betaV:	 1.002852287
gammaV:	 1.141895355
betaT:	 0.947716769
gammaT:	 1.528532478
F:	 0.0
0
