name1:	 methane
id1:	 4
name2:	 hexane
id2:	 4
id:	 1
text:	 fixed: GERG-2004
betaV:	 0.958015294
gammaV:	 1.052643846
betaT:	 0.981844797
gammaT:	 1.330570181
F:	 0.0
0
