name1:	 methylpropane
id1:	 4
name2:	 methylbutane
id2:	 4
id:	 1
text:	 fixed: GERG-2004
betaV:	 1.000000000
gammaV:	 1.002284197
betaT:	 1.000000000
gammaT:	 1.001835788
F:	 0.0
0
