name1:	 methane
id1:	 4
name2:	 octane
id2:	 4
id:	 1
text:	 fixed: GERG-2004
betaV:	 0.994740603
gammaV:	 1.116549372
betaT:	 0.957473785
gammaT:	 1.449245409
F:	 0.0
0
