name1:	 methane
id1:	 4
name2:	 hydrogen_sulfide
id2:	 4
id:	 1
text:	 fixed: GERG-2008
betaV:	 1.012599087
gammaV:	 1.040161207
betaT:	 1.011090031
gammaT:	 0.961155729
F:	 0.0
0
