name1:	 nitrogen
id1:	 4
name2:	 nonane
id2:	 4
id:	 1
text:	 fixed: GERG-2008
betaV:	 1.000000000
gammaV:	 1.100405929
betaT:	 0.956379450
gammaT:	 1.749119996
F:	 0.0
0
