name1:	 nitrogen
id1:	 4
name2:	 decane
id2:	 4
id:	 1
text:	 fixed: GERG-2008
betaV:	 1.000000000
gammaV:	 1.000000000
betaT:	 0.957934447
gammaT:	 1.822157123
F:	 0.0
0
