name1:	 nitrogen
id1:	 4
name2:	 propane
id2:	 4
id:	 1
text:	 fixed: GERG-2004
betaV:	 0.974424681
gammaV:	 1.081025408
betaT:	 1.002677329
gammaT:	 1.201264026
F:	 0.0
0
