name1:	 nitrogen
id1:	 4
name2:	 methylpropane
id2:	 4
id:	 1
text:	 fixed: GERG-2004
betaV:	 0.986415830
gammaV:	 1.100576129
betaT:	 0.992868130
gammaT:	 1.284462634
F:	 0.0
0
