name1:	 nitrogen
id1:	 4
name2:	 argon
id2:	 4
id:	 1
text:	 fixed: GERG-2004
betaV:	 1.004166412
gammaV:	 1.002212182
betaT:	 0.999069843
gammaT:	 0.990034831
F:	 0.0
0
