name1:	 nitrogen
id1:	 4
name2:	 pentane
id2:	 4
id:	 1
text:	 fixed: GERG-2004
betaV:	 1.000000000
gammaV:	 1.078877166
betaT:	 1.000000000
gammaT:	 1.419029041
F:	 0.0
0
