name1:	 octane
id1:	 4
name2:	 decane
id2:	 4
id:	 1
text:	 fixed: GERG-2008
betaV:	 1.000000000
gammaV:	 1.002553544
betaT:	 1.000000000
gammaT:	 1.077186267
F:	 0.0
0
