name1:	 propane
id1:	 4
name2:	 decane
id2:	 4
id:	 1
text:	 fixed: GERG-2008
betaV:	 0.984104227
gammaV:	 1.053040574
betaT:	 0.985331233
gammaT:	 1.140905252
F:	 0.0
0
