name1:	 propane
id1:	 4
name2:	 heptane
id2:	 4
id:	 1
text:	 fixed: GERG-2004
betaV:	 1.000000000
gammaV:	 1.079648053
betaT:	 1.000000000
gammaT:	 1.050044169
F:	 0.0
0
