name1:	carbon_dioxide
id1:	1
name2:	water
id2:	1
id:	1
text:	VLE 473 K
par[1]:	  3.39066088e+02
par[2]:	  2.13074132e+01
