name:	argon
id:	2
text:	fixed; eps/k = 119.8 K, sigma = 3.405 A
pc:	 5.88789166e+00
Tc:	 1.60489810e+02
vc:	 7.64918971e+01
par[0]:	 3.99480000e+01
par[1]:	 1.19800000e+02
par[2]:	 2.37739800e+01
