name:	krypton
id:	3
text:	VLE 163 K, crit.
pc:	 6.40070152e+00
Tc:	 2.15386215e+02
vc:	 9.44317655e+01
M:   8.38000000e+01 g/mol
Ts:  1.60778237e+02 K
vs:  2.93497611e+01 cm3/mol
