name:	etOetOH
id:	2
text:	VLE 293-360 K
pc:	4.818203
Tc:	605.833895
vc:	314.827587
par[0]:	9.0122500e+01
par[1]:	3.3713173e+02
par[2]:	5.8343061e+01
par[3]:	1.0000000e+00
par[4]:	-1.0335539e+04
par[5]:	3.0008330e+01
par[6]:	0.0000000e+00
