name:	carbon_dioxide
id:	1
theory:	2
quality:	AAD 0.21%
text:	 fixed: SEQC
a[0]:	 1.19805e-06
a[1]:	-1.25861e-06
a[2]:	 5.48871e-07
A[0]:	-2.31066e-10
A[1]:	 0.00000e+00
A[2]:	 5.42486e-11
b[0]:	 3.15921e-07
b[1]:	-2.60469e-07
b[2]:	 7.09199e-08
B[0]:	 1.04558e-09
B[1]:	-2.20758e-10
B[2]:	 0.00000e+00
D[0]:	 0.00000e+00
D[1]:	 0.00000e+00
D[2]:	 0.00000e+00
c[0]:	 1.80689e-07
c[1]:	-7.41742e-08
c[2]:	 0.00000e+00
C[0]:	 1.03255e-07
C[1]:	-8.56207e-08
C[2]:	 3.84384e-08
