name:	carbon_dioxide
id:	2
theory:	2
quality:	r.m.s. dev.  4.0178e-03
text:	SEQC data base
a[0]:	 3.19523027e-07
a[1]:	-5.89329674e-07
a[2]:	 4.97908766e-07
A[0]:	-2.42619304e-10
A[1]:	 1.08996605e-10
A[2]:	-1.75499261e-10
b[0]:	 5.62122610e-07
b[1]:	-1.43655744e-06
b[2]:	 1.24339214e-06
B[0]:	 2.54039116e-09
B[1]:	-1.17311115e-09
B[2]:	 0.00000000e+00
D[0]:	 0.00000000e+00
D[1]:	 0.00000000e+00
D[2]:	 0.00000000e+00
c[0]:	 2.05632750e-07
c[1]:	-2.18797445e-07
c[2]:	 1.38700159e-07
C[0]:	 5.82095736e-08
C[1]:	-1.94575930e-08
C[2]:	 0.00000000e+00
