name:	diethylen_glycol
id:	3
text:	VLE 400-520 K
pc:	2.638776
Tc:	671.198713
vc:	434.989864
par[0]:	1.0612190e+02
par[1]:	2.8123079e+02
par[2]:	5.4401365e+01
par[3]:	1.0000000e+00
par[4]:	-4.6054766e+04
par[5]:	-2.4254090e-01
par[6]:	0.0000000e+00
