name:	hexanol
id:	2
text:	VLE 320 K
pc:	3.773879
Tc:	616.243649
vc:	389.591377
par[0]:	-1.0217600e+02
par[1]:	5.2685592e+02
par[2]:	8.5176204e+01
par[3]:	1.1000000e+00
par[4]:	-2.9493470e+04
par[5]:	-5.9988611e+01
par[6]:	2.4385127e+01
