name:	argon2
id:	2
text:	tangent dimer: eps/k = 119.8 K, sigma = 0.3405 nm
pc:	 3.62943300e+00
Tc:	 2.17970037e+02
vc:	 1.69704797e+02
M:   3.99480000e+01 g/mol
Ts:  1.19800000e+02 K
vs:  2.37739800e+01 cm3/mol
m:   2.00000000e+00
