name:	argon8
id:	2
text:	tangent octamer: eps/k = 119.8 K, sigma = 0.3405 nm
pc:	 1.06225400e+00
Tc:	 3.49042352e+02
vc:	 1.03286209e+03
M:   3.99480000e+01 g/mol
Ts:  1.19800000e+02 K
vs:  2.37739800e+01 cm3/mol
m:   8.00000000e+00
