name:	hydrogen
id:	1
text:	crit
pc:	 1.29640000e+00
Tc:	 3.31450000e+01
vc:	 6.78601290e+01
M:   2.01594000e+00
Ts:  2.52437156e+01
vs:  2.10366384e+01
m:   1.00000000e+00
