name:	neon
id:	2
text:	fixed: eps/k = 34.2 K, sigma = 0.286 nm
pc:	 2.62263800e+00
Tc:	 4.49046020e+01
vc:	 4.54451650e+01
M:   2.01830000e+01 g/mol
Ts:  3.42000000e+01 K
vs:  1.40880000e+01 cm3/mol
m:   1.00000000e+00
