name:	argon
id:	1
text:	crit
pc:	 4.89790000e+00
Tc:	 1.50860000e+02
vc:	 8.15234442e+01
M:	 3.99480000e+01 g/mol
Ts:	 1.18252127e+02 K
vs:	 1.20542026e+01 cm3/mol
s:	 1.00000000e+00
mux:	0.0 D
muy:	0.0 D
muz:	0.0 D
Qxx:	0.0 B
Qyy:	0.0 B
Qzz:	0.0 B
alpha:	16.53e-01 A3
