name:	butane
id:	1
text:	fixed (Xiang)
pc:	 3.85894075e+00
Tc:	 4.25700279e+02
vc:	 2.52453477e+02
par[0]:	 5.81220000e+01
par[1]:	 4.25125000e+02
par[2]:	 2.54921900e+02
par[3]:	 2.00800000e-01
par[4]:	 2.47500000e-04
