name:	cyclohexane
id:	1
text:	fixed (Xiang)
pc:	 4.09243061e+00
Tc:	 5.53456311e+02
vc:	 3.04054754e+02
par[0]:	 8.41610000e+01
par[1]:	 5.53500000e+02
par[2]:	 3.08000000e+02
par[3]:	 2.12000000e-01
par[4]:	 3.03000000e-04
