name:	ethene
id:	1
text:	fixed (Xiang)
pc:	 5.05519949e+00
Tc:	 2.82479854e+02
vc:	 1.28918777e+02
par[0]:	 2.80540000e+01
par[1]:	 2.82340000e+02
par[2]:	 1.31100000e+02
par[3]:	 8.90000000e-02
par[4]:	 7.20000000e-05
