name:	ethyne
id:	1
text:	fixed (Xiang)
pc:	 6.26052875e+00
Tc:	 3.08555113e+02
vc:	 1.09057246e+02
par[0]:	 2.60380000e+01
par[1]:	 3.08300000e+02
par[2]:	 1.12200000e+02
par[3]:	 1.90000000e-01
par[4]:	 4.84000000e-04
