name:	heptane
id:	1
text:	fixed (Xiang)
pc:	 2.75695947e+00
Tc:	 5.40323978e+02
vc:	 4.27018621e+02
par[0]:	 1.00204000e+02
par[1]:	 5.40200000e+02
par[2]:	 4.28000000e+02
par[3]:	 3.49000000e-01
par[4]:	 8.35210000e-04
