name:	hexane
id:	1
text:	fixed (Xiang)
pc:	 3.05634626e+00
Tc:	 5.07742226e+02
vc:	 3.77920364e+02
par[0]:	 8.61770000e+01
par[1]:	 5.07600000e+02
par[2]:	 3.68000000e+02
par[3]:	 2.99000000e-01
par[4]:	 6.88000000e-04
