name:	methanol
id:	1
text:	fixed (Xiang)
pc:	 8.71720668e+00
Tc:	 5.20992339e+02
vc:	 1.02472080e+02
par[0]:	 3.20420000e+01
par[1]:	 5.12640000e+02
par[2]:	 1.18000000e+02
par[3]:	 5.60000000e-01
par[4]:	 4.33500000e-03
