name:	methylpropane
id:	1
text:	fixed (Xiang)
pc:	 3.57708932e+00
Tc:	 4.07621149e+02
vc:	 2.64075196e+02
par[0]:	 5.81230000e+01
par[1]:	 4.07850000e+02
par[2]:	 2.62700000e+02
par[3]:	 1.83000000e-01
par[4]:	 6.40000000e-05
