name:	pentane
id:	1
text:	fixed (Xiang)
pc:	 3.39852211e+00
Tc:	 4.69731287e+02
vc:	 2.96866774e+02
par[0]:	 7.21500000e+01
par[1]:	 4.69700000e+02
par[2]:	 3.11000000e+02
par[3]:	 2.51000000e-01
par[4]:	 4.68000000e-04
