name:	R125
id:	1
text:	fixed (Xiang)
pc:	 3.57752510e+00
Tc:	 3.38819096e+02
vc:	 2.05386024e+02
par[0]:	 1.20022000e+02
par[1]:	 3.39165000e+02
par[2]:	 2.11306000e+02
par[3]:	 3.04000000e-01
par[4]:	 3.51400000e-04
