name:	R12
id:	1
text:	fixed (Xiang)
pc:	 4.08928758e+00
Tc:	 3.84952652e+02
vc:	 2.16394986e+02
par[0]:	 1.20910000e+02
par[1]:	 3.85100000e+02
par[2]:	 2.17000000e+02
par[3]:	 1.78000000e-01
par[4]:	 1.02000000e-04
