name:	R134a
id:	1
text:	fixed (Xiang)
pc:	 4.18330995e+00
Tc:	 3.75533227e+02
vc:	 1.99547843e+02
par[0]:	 1.02032000e+02
par[1]:	 3.74180000e+02
par[2]:	 2.00850000e+02
par[3]:	 3.26400000e-01
par[4]:	 7.64400000e-04
