name:	sulphur_dioxide
id:	1
text:	fixed (Xiang)
pc:	 7.94688796e+00
Tc:	 4.30819221e+02
vc:	 1.16510041e+02
par[0]:	 6.40650000e+01
par[1]:	 4.30800000e+02
par[2]:	 1.22000000e+02
par[3]:	 2.51000000e-01
par[4]:	 4.62230000e-04
