name:	water
id:	1
text:	fixed (Xiang)
pc:	 2.39506185e+01
Tc:	 6.55885107e+02
vc:	 5.20395182e+01
par[0]:	 1.80150000e+01
par[1]:	 6.47096000e+02
par[2]:	 5.59500000e+01
par[3]:	 3.44000000e-01
par[4]:	 3.69210000e-03
