name:	carbon_dioxide
id:	1
text:	fixed
pc:	7.377300
Tc:	304.128200
vc:	94.118477
M:	4.4009800e+01 g/mol
Ts:	304.128200 K
vs:	94.11847733 cm3/mol
