name:	argon
id:	1
text:	crit
pc:	 4.86300000e+00
Tc:	 1.50867000e+02
vc:	 7.92921825e+01
par[0]:	 3.99480000e+01
par[1]:	 1.10837458e+02
par[2]:	 2.00669949e+01
par[3]:	 0.00000000e+00
