name:	cyclobutane
id:	1
text:	crit, omg (Reid, Sherwood, Prausnitz)
pc:	 4.99000000e+00
Tc:	 4.60000000e+02
vc:	 2.35612145e+02
M:    5.61072000e+01 g/mol
Ts:   3.37948197e+02 K
vs:   5.96279174e+01 cm3/mol
omg:  1.81000000e-01
