name:	nitrogen
id:	1
text:	crit (Xiang)
pc:	 3.32598072e+00
Tc:	 1.26303086e+02
vc:	 9.70587339e+01
par[0]:	 2.80140000e+01
par[1]:	 9.27910874e+01
par[2]:	 2.45632931e+01
par[3]:	 3.70000000e-02
