name:	pentane
id:	1
text:	crit, omg (Reid, Sherwood, Prausnitz)
pc:	 3.37000000e+00
Tc:	 4.69700000e+02
vc:	 3.56230456e+02
M:    7.21498000e+01 g/mol
Ts:   3.45074496e+02 K
vs:   9.01535878e+01 cm3/mol
omg:  2.51000000e-01
