name:	  decane
id	  1
text:	  fixed: SEQC
pc:	  2.10300000
Tc:	  617.700000
vc:	  616.6646931
par[0]:   1.42285340e+02
par[1]:   6.17700000e+02
par[2]:   6.16664693e+02
par[3]:   2.52507390e-01
par[4]:   4.88986111e-01
