name:	argon
id:	1
text:	crit
pc:	4.897900
Tc:	150.860000
vc:	98.927997
par[0]:	3.9948000e+01
par[1]:	6.0344000e+01
par[2]:	4.9463999e+01
par[3]:	1.0000000e+00 
