name:	argon
id:	3
text:	Machat & Boublik
pc:	 5.18090264e+00
Tc:	 1.52253277e+02
vc:	 7.16903544e+01
par[0]:	 3.99480000e+01
par[1]:	 1.49040000e+02
par[2]:	 1.63740000e+01
par[3]:	 9.85000000e-01
par[4]:	 9.70000000e-02
par[5]:	 1.20000000e-01
