name:	carbon_dioxide
id:	1
text:	Rowlinson
pc:	 7.31854373e+00
Tc:	 3.04279523e+02
vc:	 9.56658267e+01
par[0]:	 4.40000000e+01
par[1]:	 2.79000000e+02
par[2]:	 1.97280000e+01
par[3]:	 1.06100000e+00
par[4]:	 4.80000000e+01
par[5]:	 1.20000000e-01
