name:	ethane
id:	1
text:	Rowlinson
pc:	 5.05808965e+00
Tc:	 3.07445595e+02
vc:	 1.42425890e+02
par[0]:	 3.00000000e+01
par[1]:	 2.95050000e+02
par[2]:	 3.14300000e+01
par[3]:	 1.02200000e+00
par[4]:	 1.90000000e+01
par[5]:	 1.20000000e-01
