name:	methane
id:	1
text:	Rowlinson
pc:	 4.72263822e+00
Tc:	 1.91764698e+02
vc:	 9.71559950e+01
par[0]:	 1.60430000e+01
par[1]:	 1.90290000e+02
par[2]:	 2.18590000e+01
par[3]:	 1.00200000e+00
par[4]:	 1.00000000e+00
par[5]:	 1.20000000e-01
