name:	octane
id:	6
text:	crit, VLE 293-543 K, 0.00-1.73 MPa
pc:	 2.49628140e+00
Tc:	 5.74584504e+02
vc:	 5.63041479e+02
par[0]:	 114.23
par[1]:	 5.15628013e+02
par[2]:	 9.94003767e+01
par[3]:	 1.10566200e+00
par[4]:	 1.34500000e+02
par[5]:	 1.20000000e-01
