name:	octane
id:	9
text:	crit, VLE 293-543 K, 0.00-1.73 MPa
pc:	 2.20674107e+00
Tc:	 5.64989201e+02
vc:	 6.67902789e+02
par[0]:	 114.23
par[1]:	 5.24574850e+02
par[2]:	 1.01591848e+02
par[3]:	 1.15889783e+00
par[4]:	 1.36478805e+02
par[5]:	 1.20000000e-01
