name:	octane
id:	5
text:	VLE 293-543 K, 0.00-1.73 MPa
pc:	 2.40122254e+00
Tc:	 5.74313603e+02
vc:	 5.85055025e+02
par[0]:	 114.23
par[1]:	 5.15338800e+02
par[2]:	 1.03287300e+02
par[3]:	 1.10566200e+00
par[4]:	 1.34500000e+02
par[5]:	 1.20000000e-01
