name:	octane
id:	4
text:	crit
pc:	 2.49462200e+00
Tc:	 5.68800000e+02
vc:	 5.57743943e+02
par[0]:	 114.23
par[1]:	 5.09454306e+02
par[2]:	 9.84777201e+01
par[3]:	 1.10566200e+00
par[4]:	 1.34500000e+02
par[5]:	 1.20000000e-01
