name:	octane
id:	8
text:	crit, VLE 293-543 K, 0.00-1.73 MPa
pc:	 2.85607121e+00
Tc:	 5.79990892e+02
vc:	 4.73142325e+02
par[0]:	 114.23
par[1]:	 5.07672629e+02
par[2]:	 1.10165181e+02
par[3]:	 1.07658378e+00
par[4]:	 1.34500000e+02
par[5]:	 8.59772470e-01
