name:	pentane
id:	1
text:	Machat & Boublik
pc:	 3.15960741e+00
Tc:	 4.33783246e+02
vc:	 3.15676202e+02
par[0]:	 7.21500000e+01
par[1]:	 4.06600000e+02
par[2]:	 6.55100000e+01
par[3]:	 1.05800000e+00
par[4]:	 5.59800000e+01
par[5]:	 1.20000000e-01
