name:	propane
id:	1
text:	Machat & Boublik
pc:	 4.27224625e+00
Tc:	 3.71488905e+02
vc:	 2.00864953e+02
par[0]:	 4.40970000e+01
par[1]:	 3.51400000e+02
par[2]:	 4.32300000e+01
par[3]:	 1.04000000e+00
par[4]:	 3.64000000e+01
par[5]:	 1.20000000e-01
