name:	propane
id:	2
text:	Kreglewski & Chen
pc:	 4.31561630e+00
Tc:	 3.70769871e+02
vc:	 1.98347637e+02
par[0]:	 4.40970000e+01
par[1]:	 3.53110000e+02
par[2]:	 4.25980000e+01
par[3]:	 1.04100000e+00
par[4]:	 3.40000000e+01
par[5]:	 1.20000000e-01
