name:	butane
id:	1
text:	crit, VLE
pc:	 3.79550889e+00
Tc:	 4.25146825e+02
vc:	 2.93880866e+02
M:    5.81200000e+01 g/mol
Ts:   3.93820095e+02 K
vs:   7.50209481e+01 cm3/mol
C:    6.62313998e-01
F:    7.08169492e-01
