name:	carbon_dioxide
id:	1
text:	crit, VLE
pc:	 7.37862602e+00
Tc:	 3.04148648e+02
vc:	 1.07426854e+02
M:    4.40098000e+01 g/mol
Ts:   2.85801104e+02 K
vs:   2.73631456e+01 cm3/mol
C:    7.47131634e-01
F:    7.29748680e-01
