name:	water
id:	1
text:	crit, VLE 298-373 K
pc:	 2.20677074e+01
Tc:	 6.47098515e+02
vc:	 6.66515456e+01
M:    1.80152680e+01 g/mol
Ts:   8.08912173e+02 K
vs:   1.62190840e+01 cm3/mol
C:  2.70380941e+00
F:  7.12050099e-01
