name:	krypton
id:	4
text:	fixed: eps/k = 167.0 K, sigma = 0.367 nm 
pc:	 6.06079800e+00
Tc:	 2.19271010e+02
vc:	 9.60254910e+01
M:   8.38000000e+01 g/mol
Ts:  1.67000000e+02 K
vs:  2.97679000e+01 cm3/mol
m:   1.00000000e+00
