name:	nitrogen
id:	1
text:	fixed
pc:	3.400000
Tc:	126.200000
vc:	89.206000
M:	2.8013400e+01 
Ts:	126.2
vs:	89.206
