name:	krypton
id:	1
text:	crit.
pc:	 5.52000000e+00
Tc:	 2.09500000e+02
vc:	 1.13271614e+02
M:   8.38000000e+01 g/mol
Ts:  2.77619634e+02 K
vs:  1.47755894e+01 cm3/mol
