name:	neon
id:	1
text:	crit
pc:	 2.65400000e+00
Tc:	 4.44000000e+01
vc:	 4.99298404e+01
par[0]:	 2.01830000e+01
par[1]:	 5.88368102e+01
par[2]:	 6.51304231e+00
