name:	propane
id:	1
text:	crit
pc:	 4.26100000e+00
Tc:	 3.70020000e+02
vc:	 2.59172721e+02
M:   4.40970000e+01 g/mol
Ts:  4.90333254e+02 K
vs:  3.38074964e+01 cm3/mol
