name:	nitrogen
id:	1
text:	crit
pc:	3.400000
Tc:	126.200000
vc:	97.706677
par[0]:	2.8000000e+01
par[1]:	1.0956001e+02
par[2]:	2.7215925e+01
par[3]:	5.6920000e-01
par[4]:	6.8390000e-01
par[5]:	3.5000000e-02 
