name:	krypton
id:	2
text:	fixed: eps/k = 158 K, sigma = 0.3597 nm 
pc:	 6.50269558e+00
Tc:	 2.10471871e+02
vc:	 8.66026042e+01
M:   8.38000000e+01 g/mol
Ts:  1.58000000e+02 K
vs:  2.80265000e+01 cm3/mol
