name1:	neon
id1:	1
name2:	krypton
id2:	1
id:	1
text:	VLE 163 K
Ts:   6.26820179e+01 K
vs:   2.28837420e+01 cm3/mol
