name1:	methane
id1:	1
name2:	propane
id2:	1
id:	1
text:	VLE 311 K
par[1]:	  2.65458838e+02
par[2]:	  1.48771837e+02
