name:	1-butene
id:	3
text:	recomm. Gross & Sadowski
pc:	 4.48151086e+00
Tc:	 4.26809543e+02
vc:	 2.46469646e+02
par[0]:	 5.61070000e+01
par[1]:	 2.22000000e+02
par[2]:	 1.52462000e+01
par[3]:	 2.28640000e+00
