name:	2-chloropropane
id:	3
text:	recomm. Gross & Sadowski
pc:	 5.02381534e+00
Tc:	 4.96135984e+02
vc:	 2.55262423e+02
par[0]:	 7.85410000e+01
par[1]:	 2.51470000e+02
par[2]:	 1.49382000e+01
par[3]:	 2.41510000e+00
