name:	2-methylhexane
id:	3
text:	recomm. Gross & Sadowski
pc:	 3.18075941e+00
Tc:	 5.40956889e+02
vc:	 4.28815644e+02
par[0]:	 1.00204000e+02
par[1]:	 2.37420000e+02
par[2]:	 1.81517000e+01
par[3]:	 3.34780000e+00
