name:	3-methylpentane
id:	3
text:	recomm. Gross & Sadowski
pc:	 3.55515926e+00
Tc:	 5.14322615e+02
vc:	 3.67008200e+02
par[0]:	 8.61770000e+01
par[1]:	 2.40480000e+02
par[2]:	 1.81418000e+01
par[3]:	 2.88520000e+00
