name:	argon
id:	1
text:	crit
pc:	 4.89790000e+00
Tc:	 1.50860000e+02
vc:	 8.15234442e+01
par[0]:	 3.99480000e+01
par[1]:	 1.18252127e+02
par[2]:	 1.20542026e+01
par[3]:	 1.00000000e+00
