name:	argon
id:	3
text:	recomm. Gross & Sadowski
pc:	 4.90932657e+00
Tc:	 1.50966783e+02
vc:	 8.13583140e+01
par[0]:	 3.99480000e+01
par[1]:	 1.22230000e+02
par[2]:	 1.32705000e+01
par[3]:	 9.28500000e-01
