name:	biphenyl
id:	3
text:	recomm. Gross & Sadowski
pc:	 4.08713966e+00
Tc:	 7.91880033e+02
vc:	 4.94753985e+02
par[0]:	 1.54211000e+02
par[1]:	 3.27420000e+02
par[2]:	 1.75092000e+01
par[3]:	 3.88770000e+00
