name:	butane
id:	3
text:	recomm. Gross & Sadowski
pc:	 4.21868408e+00
Tc:	 4.32503639e+02
vc:	 2.65198107e+02
par[0]:	 5.81230000e+01
par[1]:	 2.22880000e+02
par[2]:	 1.60835000e+01
par[3]:	 2.33160000e+00
