name:	caffeine
id:	2
text:	trp, Randzio
pc:	 4.24719320e+00
Tc:	 8.46455466e+02
vc:	 4.72413837e+02
par[0]:	 1.94190000e+02
par[1]:	 2.71762077e+02
par[2]:	 6.68560805e+00
par[3]:	 8.69593739e+00
