name:	carbon_monoxide
id:	3
text:	recomm. Gross & Sadowski
pc:	 3.53320114e+00
Tc:	 1.34011351e+02
vc:	 9.99175616e+01
par[0]:	 2.80100000e+01
par[1]:	 9.21500000e+01
par[2]:	 1.08313000e+01
par[3]:	 1.30970000e+00
