name:	carbon_disulfide
id:	3
text:	recomm. Gross & Sadowski
pc:	 8.10452312e+00
Tc:	 5.54755126e+02
vc:	 1.78663690e+02
par[0]:	 7.61430000e+01
par[1]:	 3.34820000e+02
par[2]:	 1.49234000e+01
par[3]:	 1.69190000e+00
