name:	carbon_dioxide
id:	3
text:	recomm. Gross & Sadowski
pc:	 8.06395712e+00
Tc:	 3.10276764e+02
vc:	 9.98255012e+01
par[0]:	 4.40100000e+01
par[1]:	 1.69210000e+02
par[2]:	 6.81269000e+00
par[3]:	 2.07290000e+00
