name:	chloromethane
id:	3
text:	recomm. Gross & Sadowski
pc:	 7.63976322e+00
Tc:	 4.25810152e+02
vc:	 1.44908067e+02
par[0]:	 5.04880000e+01
par[1]:	 2.40560000e+02
par[2]:	 1.06188000e+01
par[3]:	 1.92970000e+00
