name:	diethyl_ether
id:	3
text:	recomm. Gross & Sadowski
pc:	 4.23438865e+00
Tc:	 4.76604638e+02
vc:	 2.85251455e+02
par[0]:	 7.41230000e+01
par[1]:	 2.20090000e+02
par[2]:	 1.36903000e+01
par[3]:	 2.96860000e+00
