name:	ethanol
id:	1
text:	crit, VLE 230-370 K
pc:	 6.50245285e+00
Tc:	 5.12704772e+02
vc:	 1.96406871e+02
par[0]:	 4.60684400e+01
par[1]:	 1.79153321e+02
par[2]:	 3.94650070e+00
par[3]:	 6.37769463e+00
