name:	ethane
id:	1
text:	crit, VLE 200-260 K
pc:	 4.87196825e+00
Tc:	 3.05322006e+02
vc:	 1.65723883e+02
par[0]:	 3.00700000e+01
par[1]:	 2.27035731e+02
par[2]:	 2.13804599e+01
par[3]:	 1.11886397e+00
