name:	ethylcyclohexane
id:	3
text:	recomm. Gross & Sadowski
pc:	 3.66606238e+00
Tc:	 6.23113833e+02
vc:	 4.31494025e+02
par[0]:	 1.12215000e+02
par[1]:	 2.94040000e+02
par[2]:	 2.17941000e+01
par[3]:	 2.82560000e+00
