name:	heptadecane
id:	3
text:	recomm. Gross & Sadowski
pc:	 1.69425158e+00
Tc:	 7.50661207e+02
vc:	 1.08685575e+03
par[0]:	 2.40473000e+02
par[1]:	 2.55650000e+02
par[2]:	 1.96925000e+01
par[3]:	 6.98090000e+00
