name:	hexadecane
id:	3
text:	recomm. Gross & Sadowski
pc:	 1.78951881e+00
Tc:	 7.37566924e+02
vc:	 1.01682149e+03
par[0]:	 2.26446000e+02
par[1]:	 2.54700000e+02
par[2]:	 1.95099000e+01
par[3]:	 6.64850000e+00
