name:	isopropyl_ethanoate
id:	3
text:	recomm. Gross & Sadowski
pc:	 3.63394341e+00
Tc:	 5.38259994e+02
vc:	 3.32736377e+02
par[0]:	 1.02133000e+02
par[1]:	 2.31910000e+02
par[2]:	 1.33095000e+01
par[3]:	 3.60840000e+00
