name:	m-xylene
id:	3
text:	recomm. Gross & Sadowski
pc:	 4.27340354e+00
Tc:	 6.33834154e+02
vc:	 3.74839944e+02
par[0]:	 1.06167000e+02
par[1]:	 2.83980000e+02
par[2]:	 1.67121000e+01
par[3]:	 3.18610000e+00
