name:	methyl-propyl_ether
id:	3
text:	recomm. Gross & Sadowski
pc:	 4.46503575e+00
Tc:	 4.85130149e+02
vc:	 2.75218898e+02
par[0]:	 7.41230000e+01
par[1]:	 2.22730000e+02
par[2]:	 1.30260000e+01
par[3]:	 3.00870000e+00
