name:	methyl_butanoate
id:	3
text:	recomm. Gross & Sadowski
pc:	 4.25645467e+00
Tc:	 5.69375837e+02
vc:	 3.42202907e+02
par[0]:	 1.02133000e+02
par[1]:	 2.40620000e+02
par[2]:	 1.28773000e+01
par[3]:	 3.67580000e+00
