name:	methylbutane
id:	3
text:	recomm. Gross & Sadowski
pc:	 3.75758000e+00
Tc:	 4.67890000e+02
vc:	 3.21200000e+02
par[0]:	 7.21500000e+01
par[1]:	 2.30750000e+02
par[2]:	 1.77096000e+01
par[3]:	 2.56200000e+00
