name:	nitrogen
id:	3
text:	recomm. Gross & Sadowski
pc:	 3.46500544e+00
Tc:	 1.26877594e+02
vc:	 9.66858340e+01
par[0]:	 2.80100000e+01
par[1]:	 9.09600000e+01
par[2]:	 1.14660000e+01
par[3]:	 1.20530000e+00
