name:	nonane
id:	3
text:	recomm. Gross & Sadowski
pc:	 2.80634073e+00
Tc:	 6.09277138e+02
vc:	 5.52769591e+02
par[0]:	 1.28250000e+02
par[1]:	 2.44510000e+02
par[2]:	 1.79213000e+01
par[3]:	 4.20790000e+00
