name:	o-xylene
id:	3
text:	recomm. Gross & Sadowski
pc:	 4.41297097e+00
Tc:	 6.45294858e+02
vc:	 3.69795768e+02
par[0]:	 1.06167000e+02
par[1]:	 2.91050000e+02
par[2]:	 1.67615000e+01
par[3]:	 3.13620000e+00
