name:	octadecane
id:	3
text:	recomm. Gross & Sadowski
pc:	 1.61585061e+00
Tc:	 7.62395421e+02
vc:	 1.14980120e+03
par[0]:	 2.54500000e+02
par[1]:	 2.56200000e+02
par[2]:	 1.96820000e+01
par[3]:	 7.32710000e+00
