name:	PEC5
id:	3
text:	by Raabe
pc:	 1.24559124e+00
Tc:	 1.11380344e+03
vc:	 2.02228960e+03
par[0]:	 4.72620000e+02
par[1]:	 3.28813000e+02
par[2]:	 1.75060000e+01
par[3]:	 1.27010000e+01
