name:	PEC9
id:	3
text:	by Raabe
pc:	 3.3747e-01
Tc:	 7.022044e+02
vc:	 1.84983e+01
par[0]:	 6.97040000e+02
par[1]:	 1.80940000e+02
par[2]:	 1.03666000e+01
par[3]:	 2.97464000e+01
