name:	pentadecane
id:	3
text:	recomm. Gross & Sadowski
pc:	 1.89441477e+00
Tc:	 7.24125330e+02
vc:	 9.52636657e+02
par[0]:	 2.12419000e+02
par[1]:	 2.54140000e+02
par[2]:	 1.94788000e+01
par[3]:	 6.28550000e+00
