name:	propylbenzene
id:	3
text:	recomm. Gross & Sadowski
pc:	 3.91601419e+00
Tc:	 6.56175233e+02
vc:	 4.22513481e+02
par[0]:	 1.20194000e+02
par[1]:	 2.88130000e+02
par[2]:	 1.79074000e+01
par[3]:	 3.34380000e+00
