name:	propyl_propanoate
id:	3
text:	recomm. Gross & Sadowski
pc:	 3.68650189e+00
Tc:	 5.82247558e+02
vc:	 4.02479574e+02
par[0]:	 1.16160000e+02
par[1]:	 2.35600000e+02
par[2]:	 1.33749000e+01
par[3]:	 4.11550000e+00
