name:	propene
id:	3
text:	recomm. Gross & Sadowski
pc:	 4.97316124e+00
Tc:	 3.69560444e+02
vc:	 1.93109238e+02
par[0]:	 4.20810000e+01
par[1]:	 2.07190000e+02
par[2]:	 1.39360000e+01
par[3]:	 1.95970000e+00
