name:	propyl_ethanoate
id:	3
text:	recomm. Gross & Sadowski
pc:	 4.15673876e+00
Tc:	 5.64382583e+02
vc:	 3.47018111e+02
par[0]:	 1.02133000e+02
par[1]:	 2.35760000e+02
par[2]:	 1.26432000e+01
par[3]:	 3.78610000e+00
