name:	tetracosane
id:	2
text:	VLE 320-500 K
pc:	 1.60461171e+00
Tc:	 8.47709715e+02
vc:	 1.73433870e+03
par[0]:	 3.38663000e+02
par[1]:	 2.42556130e+02
par[2]:	 1.73629428e+01
par[3]:	 1.07892870e+01
