name:	tetralin
id:	3
text:	recomm. Gross & Sadowski
pc:	 4.33959673e+00
Tc:	 7.37485267e+02
vc:	 4.28714007e+02
par[0]:	 1.32205000e+02
par[1]:	 3.25070000e+02
par[2]:	 1.83470000e+01
par[3]:	 3.31310000e+00
