name:	toluene
id:	3
text:	recomm. Gross & Sadowski
pc:	 4.80572005e+00
Tc:	 6.04402469e+02
vc:	 3.19322822e+02
par[0]:	 9.21410000e+01
par[1]:	 2.85690000e+02
par[2]:	 1.61917000e+01
par[3]:	 2.81490000e+00
