name:	water
id:	1
text:	crit, VLE 323-373 K
pc:	 2.20369653e+01
Tc:	 6.47095243e+02
vc:	 7.52305033e+01
M:   1.80152680e+01 g/mol
Ts:  2.79198959e+02 K
vs:  2.99514009e+00 cm3/mol
s:   3.48986266e+00
