name1:	methane
id1:	1
name2:	tetracosane
id2:	2
id:	1
text:	VLE 325-350 K
Ts:	2.22785589e+02
vs:	2.19670191e+02
fT:	1.0
