name:	decane
id:	1
text:	Baled et al.
pc:	 2.11000000e+00
Tc:	 6.17700000e+02
vc:	 7.46168761e+02
M:   1.42290000e+02 g/mol
Ts:  4.53805655e+02 K
vs:  1.89359676e+02 cm3/mol
c:   4.92000000e-01
