name:	hexadecane
id:	1
text:	Baled et al.
pc:	 1.40000000e+00
Tc:	 7.23700000e+02
vc:	 1.28724810e+03
M:   2.26450000e+02 g/mol
Ts:  5.31166405e+02 K
vs:  3.34043204e+02 cm3/mol
c:   7.17000000e-01
