name:	octane
id:	1
text:	Baled et al.
pc:	 2.49000000e+00
Tc:	 5.68700000e+02
vc:	 5.87564548e+02
M:   1.14230000e+02 g/mol
Ts:  4.17806825e+02 K
vs:  1.47732564e+02 cm3/mol
c:   3.99000000e-01
