name:	pentane
id:	1
text:	Baled et al.
pc:	 3.37000000e+00
Tc:	 4.69700000e+02
vc:	 3.62281571e+02
M:   7.21500000e+01 g/mol
Ts:  3.45074496e+02 K
vs:  9.01535878e+01 cm3/mol
c:   2.51000000e-01
