name:	toluene
id:	1
text:	Baled et al.
pc:	 4.10800000e+00
Tc:	 5.91750000e+02
vc:	 3.73839612e+02
M:   9.21400000e+01 g/mol
Ts:  4.34740969e+02 K
vs:  9.31751685e+01 cm3/mol
c:   2.64000000e-01
